1 0 clueweb12-0000wb-03-01030 2 1 1
1 0 clueweb12-0000wb-47-24784 1 2 1
1 0 clueweb12-0002wb-08-02435 2 2 1
1 0 clueweb12-0002wb-42-30714 1 2 1
1 0 clueweb12-0009wb-20-04624 1 0 1
1 0 clueweb12-0010wb-82-33478 1 1 0
1 0 clueweb12-0011wb-24-12616 1 1 1
1 0 clueweb12-0100wb-50-28260 1 2 1
1 0 clueweb12-0101wb-47-19806 1 1 0
1 0 clueweb12-0104wb-93-33234 1 2 0
1 0 clueweb12-0105wb-62-21353 1 0 1
1 0 clueweb12-0105wb-83-02735 2 1 1
1 0 clueweb12-0106wb-24-21106 1 2 0
1 0 clueweb12-0109wb-48-31622 1 2 0
1 0 clueweb12-0109wb-83-09551 2 1 1
1 0 clueweb12-0111wb-68-28679 1 2 0
1 0 clueweb12-0201wb-88-20098 1 2 0
1 0 clueweb12-0201wb-90-00828 1 2 0
1 0 clueweb12-0202wb-38-29797 2 2 1
1 0 clueweb12-0208wb-06-33542 1 2 1
1 0 clueweb12-0212wb-08-24584 1 0 1
1 0 clueweb12-0212wb-21-30138 1 2 0
1 0 clueweb12-0302wb-78-02849 1 1 1
1 0 clueweb12-0303wb-91-27226 2 1 0
1 0 clueweb12-0305wb-27-07318 1 1 0
1 0 clueweb12-0305wb-34-10667 1 1 0
1 0 clueweb12-0306wb-12-20044 1 2 1
1 0 clueweb12-0405wb-55-00159 1 2 1
1 0 clueweb12-0408wb-67-25113 1 1 0
1 0 clueweb12-0412wb-12-10886 2 2 1
1 0 clueweb12-0603wb-20-06007 1 2 0
1 0 clueweb12-0607wb-61-17579 1 1 0
1 0 clueweb12-0607wb-92-24342 1 0 1
1 0 clueweb12-0612wb-00-08416 1 0 0
1 0 clueweb12-0700wb-20-22662 1 1 0
1 0 clueweb12-0705wb-12-21595 1 1 1
1 0 clueweb12-0709wb-89-07808 1 1 0
1 0 clueweb12-0807wb-52-06633 1 2 1
1 0 clueweb12-0814wb-90-22411 1 1 0
1 0 clueweb12-0907wb-18-23499 1 1 0
1 0 clueweb12-0908wb-85-24723 1 2 0
1 0 clueweb12-0911wb-77-24511 2 3 1
1 0 clueweb12-0918wb-64-07171 1 0 1
1 0 clueweb12-1006wb-99-11779 1 0 1
1 0 clueweb12-1008wb-06-18208 1 2 1
1 0 clueweb12-1016wb-97-10696 1 1 0
1 0 clueweb12-1202wb-27-06628 1 2 1
1 0 clueweb12-1309wb-66-04887 0 0 0
1 0 clueweb12-1402wb-24-06509 1 2 1
1 0 clueweb12-1509wb-51-24801 1 2 1
1 0 clueweb12-1601wb-75-12208 1 1 0
1 0 clueweb12-1603wb-03-15074 1 2 1
1 0 clueweb12-1603wb-69-12091 2 3 1
1 0 clueweb12-1606wb-30-28503 1 2 1
1 0 clueweb12-1701wb-61-11822 1 1 0
1 0 clueweb12-1703wb-08-32758 1 1 0
1 0 clueweb12-1703wb-87-17766 0 1 0
1 0 clueweb12-1711wb-24-23490 1 1 0
1 0 clueweb12-1711wb-48-17799 1 1 1
1 0 clueweb12-1714wb-67-19434 1 1 0
1 0 clueweb12-1714wb-88-16141 1 2 0
1 0 clueweb12-1715wb-19-21299 1 2 0
1 0 clueweb12-1715wb-40-19324 1 0 1
1 0 clueweb12-1800wb-24-06124 2 1 1
1 0 clueweb12-1801wb-31-20406 1 0 1
1 0 clueweb12-1804wb-51-25181 1 2 0
1 0 clueweb12-1808wb-82-05394 0 1 0
1 0 clueweb12-1810wb-67-08826 1 0 0
1 0 clueweb12-1901wb-65-05104 1 2 0
1 0 clueweb12-1902wb-15-16608 1 2 1
1 0 clueweb12-1909wb-18-26220 1 2 0
1 0 clueweb12-1909wb-65-23315 1 1 0
1 0 clueweb12-1912wb-62-07565 1 1 1
1 0 clueweb12-0004wb-25-32570 1 2 1
1 0 clueweb12-0013wb-11-19384 2 2 1
1 0 clueweb12-0201wb-90-00814 1 0 0
1 0 clueweb12-0308wb-91-31348 1 2 0
1 0 clueweb12-0601wb-75-26531 1 2 1
1 0 clueweb12-0716wb-56-30717 1 0 0
1 0 clueweb12-1005wb-96-06520 1 1 0
1 0 clueweb12-1208wb-66-12762 2 2 1
1 0 clueweb12-1505wb-80-00851 0 1 0
1 0 clueweb12-1607wb-06-24943 1 1 1
1 0 clueweb12-1607wb-46-07933 1 2 1
1 0 clueweb12-1702wb-42-00868 2 1 0
1 0 clueweb12-1704wb-03-30624 1 0 0
1 0 clueweb12-1905wb-53-23565 1 2 1
1 0 clueweb12-0206wb-83-30064 2 1 1
1 0 clueweb12-0211wb-77-00477 2 1 1
1 0 clueweb12-1100tw-87-15169 1 1 0
1 0 clueweb12-1802wb-22-23581 1 1 1
3 0 clueweb12-0011wb-12-02135 0 1 0
3 0 clueweb12-0013wb-34-18744 1 2 1
3 0 clueweb12-0013wb-75-14119 1 2 0
3 0 clueweb12-0100wb-30-27935 0 1 0
3 0 clueweb12-0205wb-17-27734 1 0 1
3 0 clueweb12-0205wb-17-27748 0 1 0
3 0 clueweb12-0208wb-07-35612 1 2 0
3 0 clueweb12-0208wb-46-28651 0 1 0
3 0 clueweb12-0604wb-31-22677 1 0 0
3 0 clueweb12-0604wb-41-29920 1 0 0
3 0 clueweb12-0604wb-52-32790 1 0 1
3 0 clueweb12-0607wb-78-03816 0 1 0
3 0 clueweb12-1009wb-76-18174 1 2 0
3 0 clueweb12-1305wb-35-07551 1 2 0
3 0 clueweb12-1500wb-00-00033 1 0 0
3 0 clueweb12-1501wb-40-07391 1 0 0
3 0 clueweb12-1712wb-80-27466 0 1 0
3 0 clueweb12-1909wb-94-18146 0 1 1
5 0 clueweb12-0000wb-76-38376 0 1 0
5 0 clueweb12-0003wb-46-06510 0 1 0
5 0 clueweb12-0010wb-37-01778 1 2 1
5 0 clueweb12-0010wb-38-11206 0 2 0
5 0 clueweb12-0010wb-57-23470 1 2 0
5 0 clueweb12-0011wb-38-05349 2 3 1
5 0 clueweb12-0011wb-72-07144 1 1 0
5 0 clueweb12-0012wb-72-27633 1 1 0
5 0 clueweb12-0013wb-15-08195 1 1 1
5 0 clueweb12-0013wb-45-28556 1 0 1
5 0 clueweb12-0100wb-12-23744 1 1 0
5 0 clueweb12-0101wb-58-17371 0 1 0
5 0 clueweb12-0103wb-95-10128 2 3 1
5 0 clueweb12-0105wb-72-16858 1 2 1
5 0 clueweb12-0108wb-87-02215 0 1 0
5 0 clueweb12-0111wb-01-13091 1 2 1
5 0 clueweb12-0200tw-10-23326 1 1 1
5 0 clueweb12-0208wb-96-26332 1 0 0
5 0 clueweb12-0303wb-61-30507 1 2 0
5 0 clueweb12-0305wb-74-21728 1 1 1
5 0 clueweb12-0307wb-87-05138 1 2 1
5 0 clueweb12-0308wb-27-13888 1 1 0
5 0 clueweb12-0505wb-37-12206 1 2 0
5 0 clueweb12-0505wb-77-19728 1 0 0
5 0 clueweb12-0705wb-52-11270 1 2 0
5 0 clueweb12-0713wb-28-22636 1 1 1
5 0 clueweb12-0806wb-34-06366 1 1 0
5 0 clueweb12-1012wb-16-21226 1 1 1
5 0 clueweb12-1018wb-57-17875 1 1 1
5 0 clueweb12-1018wb-79-14542 0 1 0
5 0 clueweb12-1019wb-32-08163 1 2 0
5 0 clueweb12-1110wb-50-17084 0 1 0
5 0 clueweb12-1111wb-09-00684 1 2 0
5 0 clueweb12-1111wb-48-00257 1 1 0
5 0 clueweb12-1111wb-64-25896 1 2 0
5 0 clueweb12-1112wb-67-04403 1 1 0
5 0 clueweb12-1112wb-76-05282 0 1 0
5 0 clueweb12-1113wb-19-01236 0 1 0
5 0 clueweb12-1114wb-13-12989 1 0 0
5 0 clueweb12-1115wb-66-15566 1 1 1
5 0 clueweb12-1116wb-17-00996 1 1 0
5 0 clueweb12-1116wb-17-01010 1 0 1
5 0 clueweb12-1207wb-38-04435 0 0 0
5 0 clueweb12-1316wb-39-03921 1 2 1
5 0 clueweb12-1400wb-63-17603 1 1 0
5 0 clueweb12-1501wb-05-10350 1 2 1
5 0 clueweb12-1509wb-93-11319 1 1 0
5 0 clueweb12-1600tw-22-11708 1 2 1
5 0 clueweb12-1600wb-05-32402 1 1 0
5 0 clueweb12-1705wb-92-17568 1 2 0
5 0 clueweb12-1710wb-11-05635 0 2 1
5 0 clueweb12-1810wb-68-21315 1 2 1
5 0 clueweb12-1813wb-97-01744 1 1 0
5 0 clueweb12-1914wb-01-25251 1 2 0
5 0 clueweb12-1914wb-17-06713 1 2 0
6 0 clueweb12-0011wb-28-00943 1 1 1
6 0 clueweb12-0102wb-37-32488 1 0 1
6 0 clueweb12-0102wb-98-10695 1 0 0
6 0 clueweb12-0103wb-06-28914 1 2 0
6 0 clueweb12-0111wb-11-01609 0 1 0
6 0 clueweb12-0111wb-14-32902 0 1 0
6 0 clueweb12-0200wb-83-17673 0 1 0
6 0 clueweb12-0207wb-03-06260 2 1 0
6 0 clueweb12-0207wb-09-10598 2 1 0
6 0 clueweb12-0210wb-93-14828 1 1 0
6 0 clueweb12-0304wb-71-24665 0 1 0
6 0 clueweb12-0307wb-43-07067 1 0 1
6 0 clueweb12-0308wb-43-25265 1 2 0
6 0 clueweb12-0404wb-63-23622 0 1 0
6 0 clueweb12-0708wb-44-22298 0 1 0
6 0 clueweb12-0812wb-61-22404 1 0 1
6 0 clueweb12-0813wb-55-08209 0 1 0
6 0 clueweb12-1019wb-54-08956 2 1 0
6 0 clueweb12-1105wb-87-11607 2 1 0
6 0 clueweb12-1106wb-60-05719 0 1 0
6 0 clueweb12-1111wb-47-06562 1 0 0
6 0 clueweb12-1209wb-76-14942 1 0 0
6 0 clueweb12-1304wb-63-18492 0 0 0
6 0 clueweb12-1309wb-63-04143 1 0 0
6 0 clueweb12-1503wb-18-05384 0 0 0
6 0 clueweb12-1513wb-81-01078 0 0 0
6 0 clueweb12-1601wb-85-09159 0 0 0
6 0 clueweb12-1609wb-73-15777 1 2 0
6 0 clueweb12-1615wb-12-05534 1 2 0
6 0 clueweb12-1707wb-45-20084 1 0 0
6 0 clueweb12-1800tw-25-03823 0 1 0
6 0 clueweb12-1808wb-65-00759 1 2 0
7 0 clueweb12-0002wb-50-07728 0 0 0
7 0 clueweb12-0206wb-27-20604 1 0 1
7 0 clueweb12-0800tw-03-09068 1 1 0
7 0 clueweb12-0812wb-86-23393 2 2 1
7 0 clueweb12-0911wb-78-18513 1 1 1
8 0 clueweb12-0001wb-00-32194 2 1 1
8 0 clueweb12-0001wb-04-02240 1 2 0
8 0 clueweb12-0001wb-49-34226 1 0 1
8 0 clueweb12-0003wb-23-22892 0 1 0
8 0 clueweb12-0003wb-47-02267 1 1 0
8 0 clueweb12-0006wb-61-27162 2 1 1
8 0 clueweb12-0008wb-89-20930 1 0 1
8 0 clueweb12-0013wb-34-09190 1 1 0
8 0 clueweb12-0100wb-34-27812 2 1 1
8 0 clueweb12-0105wb-47-04695 2 1 1
8 0 clueweb12-0106wb-81-01134 1 2 1
8 0 clueweb12-0106wb-95-13415 1 0 0
8 0 clueweb12-0108wb-06-15704 1 0 1
8 0 clueweb12-0201wb-33-24969 2 3 1
8 0 clueweb12-0206wb-53-11359 1 1 1
8 0 clueweb12-0207wb-81-10935 1 2 0
8 0 clueweb12-0300wb-88-07937 1 1 1
8 0 clueweb12-0301wb-31-23059 2 1 1
8 0 clueweb12-0305wb-39-16604 1 1 1
8 0 clueweb12-0507wb-17-06084 1 1 0
8 0 clueweb12-0603wb-47-17504 1 0 0
8 0 clueweb12-0603wb-68-05082 1 1 1
8 0 clueweb12-0604wb-41-03816 2 1 1
8 0 clueweb12-0611wb-97-23455 1 2 1
8 0 clueweb12-0700wb-50-24124 1 2 0
8 0 clueweb12-0800tw-33-05325 1 1 1
8 0 clueweb12-0917wb-86-06739 1 2 1
8 0 clueweb12-1006wb-00-12820 1 2 1
8 0 clueweb12-1009wb-71-03846 1 2 1
8 0 clueweb12-1106wb-70-08672 1 2 0
8 0 clueweb12-1107wb-14-00437 1 2 0
8 0 clueweb12-1107wb-20-01447 1 1 0
8 0 clueweb12-1107wb-88-00751 1 2 0
8 0 clueweb12-1107wb-92-08834 1 2 0
8 0 clueweb12-1114wb-59-22247 1 1 0
8 0 clueweb12-1114wb-63-18406 1 2 0
8 0 clueweb12-1115wb-19-07686 1 2 0
8 0 clueweb12-1115wb-20-28404 1 1 0
8 0 clueweb12-1115wb-28-28907 1 1 0
8 0 clueweb12-1115wb-67-13482 1 2 0
8 0 clueweb12-1115wb-69-17591 1 1 0
8 0 clueweb12-1115wb-77-13490 1 1 0
8 0 clueweb12-1115wb-85-14952 1 1 0
8 0 clueweb12-1117wb-21-01340 1 1 0
8 0 clueweb12-1204wb-00-12021 1 1 0
8 0 clueweb12-1204wb-08-22167 1 2 1
8 0 clueweb12-1204wb-10-25499 1 1 0
8 0 clueweb12-1204wb-14-15533 1 2 0
8 0 clueweb12-1209wb-65-12639 1 1 0
8 0 clueweb12-1215wb-80-04560 1 2 0
8 0 clueweb12-1302wb-54-21145 1 0 0
8 0 clueweb12-1302wb-60-22040 1 1 0
8 0 clueweb12-1309wb-18-19639 1 2 0
8 0 clueweb12-1411wb-24-11152 1 1 0
8 0 clueweb12-1501wb-91-04750 1 1 0
8 0 clueweb12-1507wb-41-23116 1 1 0
8 0 clueweb12-1612wb-05-30675 1 2 0
8 0 clueweb12-1706wb-13-06065 1 1 1
8 0 clueweb12-1711wb-69-26627 1 1 1
8 0 clueweb12-1801wb-55-26720 1 1 0
8 0 clueweb12-1804wb-84-20248 1 2 0
8 0 clueweb12-1807wb-15-04403 1 1 0
8 0 clueweb12-1807wb-16-16817 1 2 1
8 0 clueweb12-1809wb-45-04919 1 0 0
8 0 clueweb12-1809wb-91-05090 0 1 0
8 0 clueweb12-1812wb-87-07296 1 2 1
8 0 clueweb12-1813wb-29-15031 1 2 0
8 0 clueweb12-1814wb-42-10687 1 0 0
8 0 clueweb12-1903wb-59-12531 1 1 1
8 0 clueweb12-1906wb-01-05872 2 1 0
8 0 clueweb12-1909wb-66-34610 1 1 0
8 0 clueweb12-1910wb-81-23300 1 2 0
8 0 clueweb12-1913wb-35-23636 1 1 0
11 0 clueweb12-0000wb-15-17863 1 1 1
11 0 clueweb12-0000wb-27-29007 1 1 1
11 0 clueweb12-0002wb-33-34476 1 1 0
11 0 clueweb12-0004wb-00-21609 1 0 1
11 0 clueweb12-0005wb-52-25297 1 2 1
11 0 clueweb12-0005wb-74-07520 1 0 1
11 0 clueweb12-0006wb-17-34416 1 1 1
11 0 clueweb12-0006wb-75-29991 1 1 1
11 0 clueweb12-0008wb-35-22249 1 1 0
11 0 clueweb12-0010wb-96-08197 1 2 0
11 0 clueweb12-0011wb-30-23312 1 1 0
11 0 clueweb12-0013wb-10-07215 1 0 0
11 0 clueweb12-0100tw-57-05119 1 2 1
11 0 clueweb12-0104wb-32-02688 0 1 0
11 0 clueweb12-0104wb-46-30018 1 3 1
11 0 clueweb12-0104wb-54-15709 2 1 1
11 0 clueweb12-0105wb-43-04549 1 0 0
11 0 clueweb12-0106wb-92-03053 1 0 0
11 0 clueweb12-0107wb-08-06219 2 1 0
11 0 clueweb12-0107wb-21-31752 0 1 0
11 0 clueweb12-0107wb-43-13231 1 2 0
11 0 clueweb12-0108wb-54-31904 1 1 0
11 0 clueweb12-0108wb-74-00755 1 0 0
11 0 clueweb12-0110wb-37-28312 1 2 0
11 0 clueweb12-0112wb-22-21970 1 1 1
11 0 clueweb12-0112wb-46-27623 1 2 1
11 0 clueweb12-0112wb-59-17010 1 2 1
11 0 clueweb12-0200wb-04-05911 1 1 1
11 0 clueweb12-0200wb-28-21996 1 2 1
11 0 clueweb12-0200wb-38-10770 1 2 1
11 0 clueweb12-0200wb-47-26500 1 2 1
11 0 clueweb12-0201wb-08-23527 1 1 0
11 0 clueweb12-0202wb-04-11641 0 1 0
11 0 clueweb12-0202wb-15-13191 1 0 1
11 0 clueweb12-0203wb-98-28802 1 2 1
11 0 clueweb12-0205wb-09-10535 2 1 1
11 0 clueweb12-0206wb-61-30850 1 2 1
11 0 clueweb12-0206wb-88-07167 1 1 0
11 0 clueweb12-0206wb-89-03895 1 0 0
11 0 clueweb12-0207wb-82-11000 1 0 0
11 0 clueweb12-0209wb-73-27946 2 1 1
11 0 clueweb12-0210wb-89-18264 1 1 0
11 0 clueweb12-0300wb-49-01532 2 3 1
11 0 clueweb12-0301wb-72-04697 1 2 0
11 0 clueweb12-0303wb-99-14380 1 1 0
11 0 clueweb12-0404wb-11-31035 2 1 1
11 0 clueweb12-0404wb-29-28787 1 2 1
11 0 clueweb12-0404wb-32-15730 1 2 0
11 0 clueweb12-0411wb-14-30474 1 2 1
11 0 clueweb12-0502wb-22-01681 1 2 0
11 0 clueweb12-0503wb-52-29959 1 1 0
11 0 clueweb12-0506wb-39-19400 1 1 0
11 0 clueweb12-0508wb-51-32569 0 1 0
11 0 clueweb12-0509wb-66-30704 1 2 1
11 0 clueweb12-0510wb-94-07596 1 1 0
11 0 clueweb12-0600tw-11-19856 1 2 1
11 0 clueweb12-0600tw-35-16841 1 0 0
11 0 clueweb12-0602wb-39-26041 0 1 0
11 0 clueweb12-0602wb-81-17032 1 1 1
11 0 clueweb12-0606wb-84-20868 1 1 1
11 0 clueweb12-0607wb-62-25620 1 1 0
11 0 clueweb12-0607wb-68-12056 1 0 1
11 0 clueweb12-0608wb-00-08048 2 2 1
11 0 clueweb12-0611wb-85-10190 1 2 1
11 0 clueweb12-0708wb-07-13407 1 0 0
11 0 clueweb12-0709wb-26-16303 1 2 1
11 0 clueweb12-0711wb-11-18383 1 2 1
11 0 clueweb12-0713wb-55-02547 1 1 1
11 0 clueweb12-0715wb-35-00750 1 2 0
11 0 clueweb12-0800tw-45-24764 1 0 0
11 0 clueweb12-0800wb-23-20237 1 2 0
11 0 clueweb12-0807wb-18-17665 2 3 1
11 0 clueweb12-0811wb-82-17101 1 2 0
11 0 clueweb12-0813wb-72-07575 1 0 0
11 0 clueweb12-0818wb-59-25035 1 0 0
11 0 clueweb12-0900tw-86-00605 2 1 0
11 0 clueweb12-0903wb-82-14837 1 2 0
11 0 clueweb12-0914wb-70-23438 1 2 0
11 0 clueweb12-0917wb-06-10828 1 0 1
11 0 clueweb12-1011wb-43-13781 1 1 0
11 0 clueweb12-1015wb-54-03858 1 1 1
11 0 clueweb12-1019wb-21-07498 1 0 1
11 0 clueweb12-1020wb-57-33693 2 1 0
11 0 clueweb12-1110wb-22-10582 1 2 1
11 0 clueweb12-1111wb-38-24401 1 2 0
11 0 clueweb12-1200tw-09-07269 0 1 0
11 0 clueweb12-1200wb-44-26795 2 1 1
11 0 clueweb12-1204wb-02-16535 1 2 1
11 0 clueweb12-1211wb-85-25682 1 1 0
11 0 clueweb12-1212wb-98-00611 0 0 0
11 0 clueweb12-1213wb-07-16907 1 1 1
11 0 clueweb12-1217wb-95-24887 2 1 1
11 0 clueweb12-1303wb-62-14047 1 1 1
11 0 clueweb12-1303wb-66-28951 1 2 1
11 0 clueweb12-1304wb-55-21988 1 1 1
11 0 clueweb12-1304wb-98-14643 1 1 1
11 0 clueweb12-1315wb-51-09897 1 0 0
11 0 clueweb12-1415wb-79-18525 1 2 1
11 0 clueweb12-1416wb-19-01511 1 2 1
11 0 clueweb12-1500wb-14-01027 1 2 0
11 0 clueweb12-1500wb-20-20475 2 1 1
11 0 clueweb12-1501wb-40-17629 2 1 1
11 0 clueweb12-1508wb-17-10591 1 2 0
11 0 clueweb12-1510wb-86-26692 1 0 1
11 0 clueweb12-1510wb-86-26706 1 1 0
11 0 clueweb12-1511wb-07-09483 1 2 1
11 0 clueweb12-1511wb-07-09497 0 1 0
11 0 clueweb12-1515wb-84-04064 1 2 1
11 0 clueweb12-1600wb-90-12741 1 2 0
11 0 clueweb12-1607wb-39-06747 1 1 0
11 0 clueweb12-1607wb-83-18663 1 0 1
11 0 clueweb12-1609wb-63-02042 1 2 0
11 0 clueweb12-1614wb-73-02754 1 2 0
11 0 clueweb12-1701wb-26-04791 1 0 0
11 0 clueweb12-1703wb-60-01680 1 1 0
11 0 clueweb12-1703wb-62-13892 1 2 0
11 0 clueweb12-1704wb-72-05311 1 2 1
11 0 clueweb12-1707wb-17-17718 1 1 0
11 0 clueweb12-1708wb-14-00784 1 2 0
11 0 clueweb12-1804wb-68-11505 1 2 0
11 0 clueweb12-1805wb-07-13757 2 1 0
11 0 clueweb12-1805wb-29-00048 1 1 0
11 0 clueweb12-1806wb-07-08649 1 0 1
11 0 clueweb12-1807wb-02-23095 1 2 0
11 0 clueweb12-1807wb-42-05842 2 1 1
11 0 clueweb12-1807wb-94-09317 1 2 1
11 0 clueweb12-1808wb-41-26649 1 1 0
11 0 clueweb12-1808wb-92-21657 1 0 1
11 0 clueweb12-1809wb-42-16436 1 2 1
11 0 clueweb12-1813wb-31-04030 2 1 1
11 0 clueweb12-1900wb-72-13694 1 0 0
11 0 clueweb12-1901wb-09-12645 2 1 0
11 0 clueweb12-1904wb-54-25307 1 2 0
11 0 clueweb12-1911wb-84-14115 1 2 1
11 0 clueweb12-1912wb-74-12903 1 2 1
12 0 clueweb12-0002wb-62-28714 1 2 1
12 0 clueweb12-0003wb-09-33853 1 2 1
12 0 clueweb12-0009wb-17-04900 2 1 1
12 0 clueweb12-0009wb-82-14096 1 0 1
12 0 clueweb12-0009wb-89-21566 1 1 0
12 0 clueweb12-0012wb-59-19175 1 2 1
12 0 clueweb12-0105wb-30-15411 1 2 0
12 0 clueweb12-0106wb-31-02046 1 1 0
12 0 clueweb12-0106wb-91-11951 1 2 1
12 0 clueweb12-0111wb-15-05910 1 1 0
12 0 clueweb12-0111wb-36-25656 2 1 1
12 0 clueweb12-0111wb-82-09450 2 1 1
12 0 clueweb12-0201wb-05-19403 1 2 0
12 0 clueweb12-0201wb-31-04988 1 0 0
12 0 clueweb12-0202wb-61-29023 1 1 0
12 0 clueweb12-0204wb-55-07763 1 2 1
12 0 clueweb12-0205wb-02-22362 1 2 1
12 0 clueweb12-0205wb-94-03334 0 1 0
12 0 clueweb12-0206wb-48-02227 1 2 1
12 0 clueweb12-0207wb-07-22904 1 1 1
12 0 clueweb12-0210wb-20-04874 2 3 1
12 0 clueweb12-0301wb-01-32501 1 1 0
12 0 clueweb12-0303wb-95-19498 1 2 1
12 0 clueweb12-0401wb-54-14011 0 1 0
12 0 clueweb12-0402wb-84-20666 1 2 1
12 0 clueweb12-0406wb-47-05834 2 3 1
12 0 clueweb12-0407wb-45-28691 1 2 1
12 0 clueweb12-0407wb-70-21260 1 0 1
12 0 clueweb12-0409wb-33-13225 2 1 1
12 0 clueweb12-0410wb-76-14215 1 2 0
12 0 clueweb12-0501wb-27-05037 1 2 0
12 0 clueweb12-0505wb-34-14834 1 1 0
12 0 clueweb12-0506wb-03-11027 2 3 1
12 0 clueweb12-0509wb-88-01405 1 2 1
12 0 clueweb12-0510wb-06-30947 1 1 0
12 0 clueweb12-0511wb-79-23239 1 1 0
12 0 clueweb12-0603wb-86-12405 0 1 0
12 0 clueweb12-0605wb-40-21739 1 2 1
12 0 clueweb12-0610wb-23-29567 2 1 0
12 0 clueweb12-0700tw-38-13457 1 1 0
12 0 clueweb12-0710wb-70-26410 2 1 1
12 0 clueweb12-0802wb-41-15299 1 2 1
12 0 clueweb12-0809wb-32-21418 1 1 0
12 0 clueweb12-0814wb-91-21433 1 2 1
12 0 clueweb12-0905wb-46-11690 1 0 0
12 0 clueweb12-1000tw-73-07144 1 1 0
12 0 clueweb12-1000wb-02-24797 0 1 0
12 0 clueweb12-1109wb-18-08964 1 1 0
12 0 clueweb12-1114wb-79-02417 1 1 0
12 0 clueweb12-1115wb-74-21473 0 1 0
12 0 clueweb12-1115wb-74-21487 0 0 0
12 0 clueweb12-1116wb-10-22002 0 1 0
12 0 clueweb12-1116wb-66-01346 1 2 1
12 0 clueweb12-1200wb-36-12817 2 1 0
12 0 clueweb12-1200wb-38-23165 1 2 1
12 0 clueweb12-1205wb-37-03006 0 1 0
12 0 clueweb12-1212wb-48-07954 2 1 0
12 0 clueweb12-1213wb-51-21786 1 1 1
12 0 clueweb12-1214wb-80-16285 1 2 0
12 0 clueweb12-1313wb-32-06803 1 1 0
12 0 clueweb12-1314wb-90-14375 2 1 0
12 0 clueweb12-1401wb-48-20457 2 2 1
12 0 clueweb12-1403wb-22-19963 1 1 0
12 0 clueweb12-1500tw-69-15990 1 2 1
12 0 clueweb12-1503wb-34-06175 1 1 0
12 0 clueweb12-1504wb-07-12044 1 1 0
12 0 clueweb12-1504wb-57-16585 1 2 1
12 0 clueweb12-1612wb-25-06801 2 1 1
12 0 clueweb12-1615wb-32-15449 2 1 1
12 0 clueweb12-1616wb-95-16981 1 1 1
12 0 clueweb12-1704wb-71-21599 1 2 1
12 0 clueweb12-1709wb-89-14939 1 1 0
12 0 clueweb12-1803wb-06-03823 1 1 0
12 0 clueweb12-1805wb-96-08290 1 1 1
12 0 clueweb12-1805wb-97-11477 1 3 1
12 0 clueweb12-1807wb-48-27907 1 2 1
12 0 clueweb12-1808wb-25-15432 1 2 1
12 0 clueweb12-1809wb-61-08041 1 1 0
12 0 clueweb12-1810wb-98-08904 2 1 0
12 0 clueweb12-1905wb-50-03442 1 1 1
12 0 clueweb12-1907wb-06-01522 1 1 0
12 0 clueweb12-1908wb-36-13018 1 2 1
12 0 clueweb12-1909wb-74-12449 0 1 0
13 0 clueweb12-0005wb-66-17668 1 2 1
13 0 clueweb12-0006wb-55-35917 1 1 0
13 0 clueweb12-0007wb-12-02015 1 1 1
13 0 clueweb12-0009wb-15-29210 1 0 1
13 0 clueweb12-0013wb-09-11646 2 1 1
13 0 clueweb12-0101wb-06-01920 1 1 1
13 0 clueweb12-0308wb-15-27360 1 0 1
13 0 clueweb12-0703wb-25-28249 1 2 1
13 0 clueweb12-0816wb-24-07259 1 0 0
13 0 clueweb12-0816wb-29-15377 1 2 0
13 0 clueweb12-0816wb-29-15391 1 0 0
13 0 clueweb12-0816wb-40-11437 0 1 0
13 0 clueweb12-0912wb-86-11241 0 1 0
13 0 clueweb12-1006wb-01-12363 1 0 1
13 0 clueweb12-1006wb-68-08556 1 1 1
13 0 clueweb12-1006wb-83-24732 1 1 1
13 0 clueweb12-1006wb-83-24746 1 0 1
13 0 clueweb12-1007wb-17-05264 1 0 0
13 0 clueweb12-1007wb-17-05278 1 0 0
13 0 clueweb12-1007wb-22-16592 1 1 0
13 0 clueweb12-1007wb-25-06072 1 0 0
13 0 clueweb12-1007wb-29-31328 1 1 0
13 0 clueweb12-1100tw-64-10182 1 1 0
13 0 clueweb12-1116wb-71-15203 0 1 0
13 0 clueweb12-1705wb-75-22100 1 0 1
13 0 clueweb12-1906wb-34-06911 1 2 1
13 0 clueweb12-1906wb-34-06925 2 1 1
13 0 clueweb12-1906wb-42-21527 1 1 1
13 0 clueweb12-1906wb-42-21541 1 0 0
13 0 clueweb12-1906wb-51-11125 1 2 0
13 0 clueweb12-1906wb-52-23606 0 1 0
13 0 clueweb12-1906wb-69-03989 1 0 1
13 0 clueweb12-1906wb-69-04003 1 0 1
13 0 clueweb12-1909wb-79-01435 1 0 1
13 0 clueweb12-1910wb-16-22508 1 1 0
16 0 clueweb12-0000wb-17-30669 2 1 0
16 0 clueweb12-0001wb-57-33230 1 2 0
16 0 clueweb12-0002wb-54-14747 1 0 0
16 0 clueweb12-0006wb-44-28054 1 0 1
16 0 clueweb12-0006wb-55-24885 1 2 0
16 0 clueweb12-0010wb-64-15286 1 2 1
16 0 clueweb12-0012wb-49-24027 2 1 1
16 0 clueweb12-0100tw-14-21890 2 1 1
16 0 clueweb12-0100wb-47-25191 1 2 0
16 0 clueweb12-0101wb-48-00601 1 0 0
16 0 clueweb12-0103wb-21-03122 1 2 0
16 0 clueweb12-0108wb-25-01819 1 0 1
16 0 clueweb12-0108wb-29-33084 1 2 1
16 0 clueweb12-0109wb-77-12674 1 0 0
16 0 clueweb12-0109wb-98-02256 2 1 0
16 0 clueweb12-0109wb-98-26916 1 1 0
16 0 clueweb12-0110wb-30-27212 1 0 0
16 0 clueweb12-0111wb-40-21446 0 1 0
16 0 clueweb12-0111wb-57-30908 2 1 0
16 0 clueweb12-0111wb-66-16267 1 0 0
16 0 clueweb12-0112wb-08-27808 2 3 1
16 0 clueweb12-0112wb-35-32263 1 1 0
16 0 clueweb12-0112wb-60-27894 1 2 0
16 0 clueweb12-0200wb-56-17605 1 2 0
16 0 clueweb12-0201wb-34-00534 1 1 0
16 0 clueweb12-0202wb-61-31831 1 0 0
16 0 clueweb12-0206wb-07-17957 1 0 0
16 0 clueweb12-0206wb-74-30830 1 2 1
16 0 clueweb12-0206wb-75-01763 1 0 0
16 0 clueweb12-0208wb-78-01554 2 2 1
16 0 clueweb12-0211wb-44-05523 1 0 1
16 0 clueweb12-0302wb-59-07897 1 2 1
16 0 clueweb12-0307wb-32-07434 1 2 1
16 0 clueweb12-0400wb-37-26813 1 2 0
16 0 clueweb12-0402wb-49-14077 1 1 0
16 0 clueweb12-0405wb-22-24078 1 0 1
16 0 clueweb12-0408wb-16-24668 1 2 1
16 0 clueweb12-0409wb-11-25822 1 1 0
16 0 clueweb12-0409wb-28-05051 1 1 0
16 0 clueweb12-0409wb-87-15716 1 1 0
16 0 clueweb12-0500wb-94-22148 1 0 0
16 0 clueweb12-0501wb-11-20036 1 2 1
16 0 clueweb12-0503wb-97-17570 1 1 0
16 0 clueweb12-0504wb-19-25341 1 2 0
16 0 clueweb12-0505wb-74-34123 1 2 0
16 0 clueweb12-0505wb-74-35390 1 0 0
16 0 clueweb12-0506wb-08-05288 1 2 0
16 0 clueweb12-0510wb-83-09477 1 2 1
16 0 clueweb12-0511wb-00-14814 1 2 1
16 0 clueweb12-0600wb-05-24236 1 1 0
16 0 clueweb12-0602wb-77-13793 1 2 1
16 0 clueweb12-0605wb-34-23996 1 2 0
16 0 clueweb12-0608wb-38-24190 1 0 0
16 0 clueweb12-0612wb-28-26224 1 2 0
16 0 clueweb12-0700tw-05-20181 1 0 0
16 0 clueweb12-0709wb-47-05877 1 1 0
16 0 clueweb12-0709wb-87-15702 1 1 0
16 0 clueweb12-0712wb-56-22432 1 2 0
16 0 clueweb12-0800tw-48-07469 1 1 0
16 0 clueweb12-0800tw-73-16600 1 1 0
16 0 clueweb12-0815wb-20-09600 1 1 0
16 0 clueweb12-0816wb-89-17011 1 0 1
16 0 clueweb12-0902wb-25-15072 1 2 0
16 0 clueweb12-0913wb-42-25192 1 2 1
16 0 clueweb12-0917wb-63-14621 1 1 0
16 0 clueweb12-0917wb-71-12540 1 2 0
16 0 clueweb12-1011wb-31-32159 1 2 1
16 0 clueweb12-1013wb-04-17468 1 2 0
16 0 clueweb12-1015wb-14-29432 1 0 0
16 0 clueweb12-1015wb-18-18077 1 2 1
16 0 clueweb12-1117wb-73-14366 1 2 0
16 0 clueweb12-1117wb-80-26567 1 0 0
16 0 clueweb12-1216wb-96-24157 1 2 1
16 0 clueweb12-1305wb-95-08321 1 1 0
16 0 clueweb12-1400wb-58-33644 1 2 1
16 0 clueweb12-1400wb-61-23544 1 0 0
16 0 clueweb12-1401wb-99-04236 1 2 0
16 0 clueweb12-1406wb-68-24276 1 2 0
16 0 clueweb12-1407wb-35-13399 1 1 0
16 0 clueweb12-1410wb-26-03774 1 0 0
16 0 clueweb12-1411wb-29-13698 1 0 0
16 0 clueweb12-1512wb-12-06286 1 1 0
16 0 clueweb12-1516wb-00-19389 1 1 0
16 0 clueweb12-1700wb-01-07829 2 1 0
16 0 clueweb12-1705wb-87-17564 1 2 0
16 0 clueweb12-1707wb-91-02742 0 1 0
16 0 clueweb12-1708wb-47-12189 1 2 1
16 0 clueweb12-1710wb-91-13575 2 1 1
16 0 clueweb12-1800tw-00-15411 1 1 0
16 0 clueweb12-1814wb-08-09142 1 1 1
16 0 clueweb12-1900tw-21-06759 1 1 0
16 0 clueweb12-1910wb-73-30551 0 1 0
17 0 clueweb12-0007wb-60-34272 1 0 1
17 0 clueweb12-0007wb-91-14633 1 0 0
17 0 clueweb12-0010wb-15-16855 1 0 1
17 0 clueweb12-0010wb-46-30988 1 1 1
17 0 clueweb12-0010wb-59-21187 1 0 0
17 0 clueweb12-0011wb-79-19339 1 1 0
17 0 clueweb12-0100wb-71-16569 0 1 0
17 0 clueweb12-0104wb-64-18133 2 0 0
17 0 clueweb12-0108wb-54-31904 1 2 0
17 0 clueweb12-0203wb-98-28802 1 1 0
17 0 clueweb12-0209wb-21-17058 1 1 0
17 0 clueweb12-0301tw-20-21021 1 1 0
17 0 clueweb12-0301tw-37-12354 1 0 0
17 0 clueweb12-0303wb-35-09524 0 1 0
17 0 clueweb12-0305wb-69-04121 1 1 0
17 0 clueweb12-0403wb-92-27457 0 0 0
17 0 clueweb12-0403wb-92-27499 0 1 0
17 0 clueweb12-0405wb-54-30690 1 1 0
17 0 clueweb12-0509wb-43-08382 1 0 1
17 0 clueweb12-0600wb-88-28697 1 0 0
17 0 clueweb12-0600wb-94-07463 1 0 0
17 0 clueweb12-0601wb-33-02323 1 0 0
17 0 clueweb12-0602wb-17-01758 2 0 0
17 0 clueweb12-0611wb-44-26077 0 1 0
17 0 clueweb12-0701wb-51-20094 1 2 1
17 0 clueweb12-0705wb-01-01976 1 0 0
17 0 clueweb12-0708wb-44-17604 0 1 0
17 0 clueweb12-0716wb-21-08705 1 0 0
17 0 clueweb12-0807wb-11-07886 2 1 0
17 0 clueweb12-0913wb-73-21328 2 0 0
17 0 clueweb12-0917wb-06-10828 1 0 1
17 0 clueweb12-1112wb-21-05119 0 1 0
17 0 clueweb12-1301wb-50-03112 1 1 0
17 0 clueweb12-1501wb-40-17629 1 0 1
17 0 clueweb12-1501wb-81-13684 0 1 0
17 0 clueweb12-1503wb-61-10826 1 2 0
17 0 clueweb12-1509wb-38-21658 0 0 0
17 0 clueweb12-1512wb-60-16579 1 0 1
17 0 clueweb12-1514wb-71-01848 1 0 0
17 0 clueweb12-1514wb-75-05812 1 0 0
17 0 clueweb12-1704wb-93-16629 1 1 0
17 0 clueweb12-1713wb-03-30588 1 0 0
17 0 clueweb12-1713wb-18-22489 1 0 0
17 0 clueweb12-1713wb-33-14282 1 1 0
17 0 clueweb12-1800tw-17-08546 1 2 0
17 0 clueweb12-1800tw-53-00454 0 0 0
17 0 clueweb12-1802wb-07-18463 1 1 0
17 0 clueweb12-1804wb-39-21169 1 0 0
17 0 clueweb12-1804wb-57-19394 1 0 0
17 0 clueweb12-1805wb-81-03646 1 0 1
17 0 clueweb12-1805wb-95-00100 2 1 1
17 0 clueweb12-1806wb-87-25267 1 2 1
17 0 clueweb12-1807wb-52-01647 1 0 1
17 0 clueweb12-1809wb-11-22954 1 0 1
17 0 clueweb12-1811wb-89-20178 0 1 0
17 0 clueweb12-1900tw-06-13712 1 0 1
18 0 clueweb12-0002wb-00-26750 1 0 0
18 0 clueweb12-0104wb-31-25223 1 0 1
18 0 clueweb12-0211wb-91-13142 1 2 1
18 0 clueweb12-0303wb-52-13499 1 1 0
18 0 clueweb12-0312wb-02-08457 1 0 0
18 0 clueweb12-0815wb-29-00508 1 1 1
18 0 clueweb12-0905wb-15-08952 1 0 1
18 0 clueweb12-1001wb-98-05788 0 1 0
18 0 clueweb12-1900wb-84-23189 1 0 1
18 0 clueweb12-1910wb-38-09954 1 2 1
19 0 clueweb12-0000tw-00-12978 1 2 1
19 0 clueweb12-0000wb-09-17212 1 1 1
19 0 clueweb12-0001wb-71-04423 1 0 0
19 0 clueweb12-0007wb-70-02338 1 0 0
19 0 clueweb12-0011wb-43-20690 2 1 0
19 0 clueweb12-0012wb-91-27003 2 1 0
19 0 clueweb12-0104wb-68-34826 1 0 0
19 0 clueweb12-0105wb-48-32959 1 0 1
19 0 clueweb12-0105wb-77-19919 2 1 0
19 0 clueweb12-0105wb-85-17423 2 1 1
19 0 clueweb12-0107wb-67-02189 1 2 0
19 0 clueweb12-0109wb-20-10055 0 1 0
19 0 clueweb12-0109wb-46-01995 1 0 0
19 0 clueweb12-0109wb-90-14673 1 2 0
19 0 clueweb12-0111wb-70-05116 1 2 1
19 0 clueweb12-0111wb-84-02999 1 0 1
19 0 clueweb12-0204wb-06-28794 0 1 0
19 0 clueweb12-0204wb-11-24355 1 0 0
19 0 clueweb12-0205wb-95-16528 1 0 0
19 0 clueweb12-0206wb-44-17573 2 1 1
19 0 clueweb12-0206wb-59-30340 1 1 0
19 0 clueweb12-0207wb-24-15712 1 0 1
19 0 clueweb12-0208wb-35-08734 1 2 0
19 0 clueweb12-0306wb-47-22394 1 2 0
19 0 clueweb12-0308wb-34-05090 0 1 0
19 0 clueweb12-0401wb-94-40260 1 2 0
19 0 clueweb12-0406wb-67-23962 1 0 1
19 0 clueweb12-0408wb-43-01012 1 2 1
19 0 clueweb12-0409wb-04-05209 1 0 0
19 0 clueweb12-0410wb-12-16845 1 2 0
19 0 clueweb12-0502wb-15-05828 1 0 1
19 0 clueweb12-0606wb-98-10999 1 0 0
19 0 clueweb12-0805wb-55-18092 0 0 0
19 0 clueweb12-0813wb-22-27698 1 2 0
19 0 clueweb12-0815wb-26-22478 1 2 1
19 0 clueweb12-0815wb-71-03697 1 2 0
19 0 clueweb12-0906wb-62-12421 2 2 1
19 0 clueweb12-0906wb-63-27853 1 1 0
19 0 clueweb12-0908wb-47-32193 1 2 1
19 0 clueweb12-0916wb-93-23970 1 1 0
19 0 clueweb12-1001wb-55-30338 1 1 1
19 0 clueweb12-1007wb-26-05694 1 1 1
19 0 clueweb12-1020wb-53-08668 2 1 0
19 0 clueweb12-1100wb-42-17506 1 1 1
19 0 clueweb12-1116wb-77-01236 1 2 1
19 0 clueweb12-1210wb-42-11275 2 1 1
19 0 clueweb12-1210wb-42-15528 1 2 1
19 0 clueweb12-1216wb-42-06004 1 2 0
19 0 clueweb12-1308wb-82-07114 1 1 0
19 0 clueweb12-1400tw-74-16891 2 1 1
19 0 clueweb12-1410wb-11-01399 1 0 1
19 0 clueweb12-1501wb-44-08281 1 0 1
19 0 clueweb12-1506wb-53-27795 1 1 0
19 0 clueweb12-1603wb-30-26882 1 0 1
19 0 clueweb12-1604wb-61-20037 1 2 1
19 0 clueweb12-1609wb-06-22199 1 0 1
19 0 clueweb12-1611wb-41-13804 1 2 0
19 0 clueweb12-1613wb-06-11846 1 2 0
19 0 clueweb12-1709wb-60-14950 2 1 1
19 0 clueweb12-1715wb-05-06155 0 1 0
19 0 clueweb12-1803wb-38-03514 1 2 0
19 0 clueweb12-1803wb-50-10344 1 0 1
19 0 clueweb12-1803wb-70-04994 1 2 0
19 0 clueweb12-1804wb-02-27725 1 0 0
19 0 clueweb12-1804wb-12-31962 1 1 0
19 0 clueweb12-1804wb-16-07311 1 2 0
19 0 clueweb12-1804wb-50-09183 1 0 0
19 0 clueweb12-1807wb-13-11724 1 0 0
19 0 clueweb12-1807wb-82-27458 1 1 0
19 0 clueweb12-1901wb-48-15826 1 1 0
19 0 clueweb12-1902wb-45-09233 1 0 0
19 0 clueweb12-1902wb-89-16872 1 0 0
19 0 clueweb12-1905wb-19-19047 2 1 0
19 0 clueweb12-1906wb-92-14935 1 2 0
20 0 clueweb12-0001wb-30-36875 0 0 0
20 0 clueweb12-0103wb-27-27063 1 2 0
20 0 clueweb12-0106wb-52-10986 1 2 1
20 0 clueweb12-0200wb-17-01262 1 2 1
20 0 clueweb12-0207wb-02-32126 1 1 1
20 0 clueweb12-0303wb-94-14973 1 2 1
20 0 clueweb12-0411wb-14-08579 1 2 0
20 0 clueweb12-0703wb-95-22263 1 2 1
22 0 clueweb12-0813wb-64-03941 0 1 0
22 0 clueweb12-1007wb-20-11634 1 0 1
22 0 clueweb12-1508wb-10-05601 1 0 0
27 0 clueweb12-0001wb-00-27962 1 2 0
27 0 clueweb12-0102wb-22-19001 1 0 1
27 0 clueweb12-1004wb-76-32506 0 1 0
27 0 clueweb12-1506wb-18-13431 1 1 0
28 0 clueweb12-0000tw-48-17466 1 1 1
28 0 clueweb12-0000wb-02-07606 1 2 0
28 0 clueweb12-0000wb-53-12705 1 1 1
28 0 clueweb12-0000wb-78-12440 1 1 0
28 0 clueweb12-0000wb-90-29795 1 1 1
28 0 clueweb12-0000wb-91-24292 1 1 0
28 0 clueweb12-0001wb-06-04775 1 2 1
28 0 clueweb12-0001wb-15-04045 1 0 0
28 0 clueweb12-0002wb-60-24711 1 1 0
28 0 clueweb12-0002wb-98-09034 1 2 1
28 0 clueweb12-0003wb-15-06189 1 2 1
28 0 clueweb12-0007wb-42-18163 1 1 0
28 0 clueweb12-0102wb-54-11563 1 1 1
28 0 clueweb12-0103wb-53-01723 0 1 1
28 0 clueweb12-0106wb-52-05327 2 1 0
28 0 clueweb12-0108wb-80-01372 0 1 0
28 0 clueweb12-0109wb-23-03446 2 1 1
28 0 clueweb12-0111wb-53-19797 1 1 0
28 0 clueweb12-0201wb-18-17999 1 1 0
28 0 clueweb12-0201wb-36-26737 2 1 1
28 0 clueweb12-0201wb-71-23682 1 1 0
28 0 clueweb12-0204wb-30-24583 1 2 1
28 0 clueweb12-0206wb-56-19520 1 1 0
28 0 clueweb12-0208wb-61-00139 1 1 1
28 0 clueweb12-0211wb-40-20904 1 2 1
28 0 clueweb12-0301wb-66-04927 1 2 0
28 0 clueweb12-0408wb-64-18302 1 2 0
28 0 clueweb12-0411wb-34-21443 1 0 1
28 0 clueweb12-0503wb-51-07301 2 1 1
28 0 clueweb12-0601wb-34-22646 1 2 1
28 0 clueweb12-0608wb-13-04304 1 2 1
28 0 clueweb12-0610wb-18-19826 1 2 0
28 0 clueweb12-0610wb-70-07511 2 1 1
28 0 clueweb12-0807wb-34-02263 1 1 0
28 0 clueweb12-0816wb-92-14113 1 2 0
28 0 clueweb12-0905wb-23-12776 1 1 1
28 0 clueweb12-0916wb-45-02758 1 2 0
28 0 clueweb12-1011wb-89-16485 2 1 1
28 0 clueweb12-1013wb-45-13017 1 2 1
28 0 clueweb12-1117wb-33-21160 1 1 1
28 0 clueweb12-1202wb-86-05936 0 1 0
28 0 clueweb12-1202wb-99-21131 1 1 0
28 0 clueweb12-1210wb-71-01763 1 2 1
28 0 clueweb12-1210wb-84-07339 1 2 0
28 0 clueweb12-1213wb-02-16910 2 1 1
28 0 clueweb12-1215wb-57-10387 1 0 1
28 0 clueweb12-1314wb-23-10277 1 1 0
28 0 clueweb12-1402wb-48-02124 2 1 1
28 0 clueweb12-1403wb-04-25578 1 1 0
28 0 clueweb12-1504wb-30-12586 1 2 1
28 0 clueweb12-1505wb-40-18203 1 2 0
28 0 clueweb12-1506wb-24-08025 0 1 0
28 0 clueweb12-1601wb-47-24177 2 2 1
28 0 clueweb12-1700wb-65-11792 1 1 1
28 0 clueweb12-1801wb-53-12605 1 1 0
28 0 clueweb12-1803wb-62-22285 1 0 1
28 0 clueweb12-1806wb-95-15504 1 1 1
28 0 clueweb12-1807wb-81-13989 1 1 1
28 0 clueweb12-1900tw-11-03447 1 0 1
28 0 clueweb12-1911wb-13-05264 1 2 1
29 0 clueweb12-0001wb-59-15295 1 1 1
29 0 clueweb12-0004wb-05-25834 1 2 0
29 0 clueweb12-0006wb-45-32325 1 2 0
29 0 clueweb12-0007wb-79-13151 2 1 1
29 0 clueweb12-0007wb-99-17617 1 2 0
29 0 clueweb12-0013wb-22-06020 0 1 0
29 0 clueweb12-0103wb-88-28493 1 1 0
29 0 clueweb12-0104wb-02-03783 2 1 1
29 0 clueweb12-0105wb-96-11619 1 1 0
29 0 clueweb12-0108wb-28-07860 1 2 1
29 0 clueweb12-0108wb-55-30288 1 2 1
29 0 clueweb12-0108wb-92-09353 0 1 0
29 0 clueweb12-0109wb-87-06759 1 2 1
29 0 clueweb12-0111wb-81-20012 1 2 0
29 0 clueweb12-0201wb-02-16683 2 1 1
29 0 clueweb12-0209wb-02-10664 1 0 1
29 0 clueweb12-0211wb-48-08516 1 1 1
29 0 clueweb12-0301wb-32-02612 1 0 1
29 0 clueweb12-0302wb-06-02929 1 1 0
29 0 clueweb12-0311wb-90-26694 1 0 1
29 0 clueweb12-0311wb-96-06361 1 2 1
29 0 clueweb12-0400wb-33-05408 2 1 1
29 0 clueweb12-0401wb-97-02625 1 2 1
29 0 clueweb12-0403wb-13-21832 1 1 1
29 0 clueweb12-0403wb-81-25139 2 1 1
29 0 clueweb12-0502wb-91-13351 1 1 1
29 0 clueweb12-0502wb-94-21210 1 2 0
29 0 clueweb12-0508wb-19-18709 1 2 1
29 0 clueweb12-0508wb-30-17588 2 1 1
29 0 clueweb12-0508wb-60-04338 1 1 1
29 0 clueweb12-0602wb-45-24390 2 1 1
29 0 clueweb12-0605wb-92-32769 1 1 1
29 0 clueweb12-0706wb-49-20036 0 1 0
29 0 clueweb12-0800wb-02-09033 0 1 0
29 0 clueweb12-0800wb-45-02611 2 1 1
29 0 clueweb12-0805wb-91-29349 1 1 1
29 0 clueweb12-0806wb-20-11779 1 2 1
29 0 clueweb12-0806wb-73-17027 1 2 0
29 0 clueweb12-0807wb-84-15153 1 1 1
29 0 clueweb12-0814wb-37-10396 1 2 1
29 0 clueweb12-0917wb-91-04377 2 1 1
29 0 clueweb12-1006wb-17-05472 0 0 0
29 0 clueweb12-1111wb-45-13323 0 1 0
29 0 clueweb12-1216wb-24-22100 1 1 1
29 0 clueweb12-1312wb-32-08575 1 0 1
29 0 clueweb12-1401wb-22-29495 0 1 0
29 0 clueweb12-1409wb-81-10930 1 1 1
29 0 clueweb12-1412wb-05-01110 0 1 0
29 0 clueweb12-1504wb-22-09800 1 1 0
29 0 clueweb12-1504wb-32-26583 1 2 0
29 0 clueweb12-1506wb-18-13431 1 2 0
29 0 clueweb12-1514wb-34-12411 1 1 1
29 0 clueweb12-1601wb-40-24056 1 1 0
29 0 clueweb12-1613wb-05-05969 1 1 0
29 0 clueweb12-1704wb-04-15782 1 2 1
29 0 clueweb12-1805wb-87-31979 1 2 0
29 0 clueweb12-1806wb-56-25622 1 1 1
29 0 clueweb12-1814wb-32-08354 1 0 1
29 0 clueweb12-1907wb-31-12397 1 2 0
29 0 clueweb12-1910wb-01-27042 0 0 0
29 0 clueweb12-1913wb-57-05275 0 1 0
32 0 clueweb12-0002wb-34-36417 1 1 1
32 0 clueweb12-0002wb-77-01819 0 1 0
32 0 clueweb12-0002wb-90-13341 1 1 0
32 0 clueweb12-0003wb-08-21092 2 1 1
32 0 clueweb12-0010wb-72-18702 1 1 1
32 0 clueweb12-0013wb-15-08265 1 2 0
32 0 clueweb12-0103wb-93-13104 0 1 0
32 0 clueweb12-0105wb-20-15686 1 2 1
32 0 clueweb12-0204wb-84-22346 1 2 0
32 0 clueweb12-0207wb-80-18036 1 2 0
32 0 clueweb12-0211wb-08-12740 1 0 1
32 0 clueweb12-0301wb-02-19391 0 1 0
32 0 clueweb12-0301wb-13-24429 1 2 0
32 0 clueweb12-0305wb-53-22300 1 1 0
32 0 clueweb12-0307wb-07-19297 1 1 0
32 0 clueweb12-0308wb-20-12255 1 2 0
32 0 clueweb12-0508wb-90-19920 2 1 1
32 0 clueweb12-0602wb-53-33086 1 0 0
32 0 clueweb12-0607wb-46-33362 1 1 0
32 0 clueweb12-0703wb-35-22571 1 0 1
32 0 clueweb12-0703wb-84-11152 1 1 0
32 0 clueweb12-0816wb-91-15995 1 0 0
32 0 clueweb12-1012wb-49-31047 1 1 0
32 0 clueweb12-1200wb-32-05817 1 0 0
32 0 clueweb12-1218wb-43-12011 1 1 1
32 0 clueweb12-1308wb-49-29657 1 1 0
32 0 clueweb12-1403wb-70-29416 1 0 0
32 0 clueweb12-1408wb-82-00349 1 1 0
32 0 clueweb12-1412wb-47-18757 2 1 1
32 0 clueweb12-1506wb-21-29907 1 0 1
32 0 clueweb12-1607wb-17-09778 1 2 1
32 0 clueweb12-1615wb-72-08340 1 1 0
32 0 clueweb12-1707wb-39-08516 1 2 1
32 0 clueweb12-1711wb-84-14695 1 2 1
32 0 clueweb12-1714wb-79-28394 2 1 1
32 0 clueweb12-1908wb-48-30639 1 1 0
33 0 clueweb12-0002wb-25-13434 2 1 1
33 0 clueweb12-0005wb-40-07324 2 1 1
33 0 clueweb12-0006wb-79-27888 1 1 0
33 0 clueweb12-0008wb-19-14681 1 2 0
33 0 clueweb12-0009wb-79-16215 1 2 1
33 0 clueweb12-0010wb-43-20074 1 0 1
33 0 clueweb12-0011wb-08-12255 1 1 0
33 0 clueweb12-0101wb-63-29791 1 2 0
33 0 clueweb12-0101wb-84-13517 1 1 0
33 0 clueweb12-0102wb-00-26369 2 1 1
33 0 clueweb12-0102wb-00-26383 1 2 0
33 0 clueweb12-0102wb-20-19028 1 2 1
33 0 clueweb12-0102wb-29-21686 1 2 1
33 0 clueweb12-0102wb-29-21700 1 2 0
33 0 clueweb12-0102wb-48-02015 2 1 0
33 0 clueweb12-0102wb-48-02029 2 1 0
33 0 clueweb12-0102wb-66-25774 1 2 1
33 0 clueweb12-0102wb-73-16349 1 2 0
33 0 clueweb12-0102wb-80-32317 1 1 0
33 0 clueweb12-0102wb-90-01875 2 1 1
33 0 clueweb12-0102wb-99-04839 2 1 0
33 0 clueweb12-0103wb-08-07105 1 2 1
33 0 clueweb12-0103wb-17-13791 2 1 0
33 0 clueweb12-0103wb-17-13805 1 2 1
33 0 clueweb12-0103wb-28-02367 1 1 1
33 0 clueweb12-0103wb-38-31998 1 2 0
33 0 clueweb12-0103wb-43-29180 2 1 1
33 0 clueweb12-0103wb-51-19343 1 2 1
33 0 clueweb12-0103wb-59-17943 2 1 0
33 0 clueweb12-0103wb-66-18725 1 2 1
33 0 clueweb12-0103wb-66-18739 2 1 0
33 0 clueweb12-0103wb-75-16461 1 2 0
33 0 clueweb12-0103wb-84-05075 1 1 0
33 0 clueweb12-0104wb-03-27714 1 2 1
33 0 clueweb12-0104wb-12-14802 1 2 1
33 0 clueweb12-0104wb-12-14816 1 2 0
33 0 clueweb12-0104wb-20-34497 1 2 0
33 0 clueweb12-0104wb-42-29717 2 1 0
33 0 clueweb12-0104wb-51-02071 1 2 0
33 0 clueweb12-0104wb-56-00267 2 1 0
33 0 clueweb12-0104wb-56-00281 1 2 1
33 0 clueweb12-0104wb-64-26002 2 1 0
33 0 clueweb12-0104wb-73-08784 1 2 0
33 0 clueweb12-0104wb-93-15874 1 2 1
33 0 clueweb12-0105wb-09-30455 2 1 0
33 0 clueweb12-0105wb-14-16838 1 1 0
33 0 clueweb12-0105wb-22-04471 1 1 0
33 0 clueweb12-0105wb-30-04102 2 1 0
33 0 clueweb12-0105wb-38-05741 2 1 0
33 0 clueweb12-0105wb-46-05180 1 1 0
33 0 clueweb12-0105wb-57-21151 2 1 1
33 0 clueweb12-0105wb-73-34870 1 2 1
33 0 clueweb12-0105wb-83-20076 2 1 0
33 0 clueweb12-0105wb-91-26392 1 2 1
33 0 clueweb12-0105wb-99-06623 2 1 0
33 0 clueweb12-0108wb-31-10327 1 1 0
33 0 clueweb12-0109wb-40-27408 0 1 0
33 0 clueweb12-0109wb-77-12758 1 1 0
33 0 clueweb12-0111wb-31-09778 0 1 0
33 0 clueweb12-0112wb-01-32206 1 2 0
33 0 clueweb12-0112wb-62-08863 0 1 0
33 0 clueweb12-0200wb-19-07713 1 0 0
33 0 clueweb12-0201wb-14-19711 1 0 0
33 0 clueweb12-0202wb-53-11239 1 1 0
33 0 clueweb12-0202wb-62-23021 0 1 0
33 0 clueweb12-0202wb-63-19321 0 1 0
33 0 clueweb12-0202wb-91-09901 1 2 1
33 0 clueweb12-0203wb-28-29605 2 1 1
33 0 clueweb12-0203wb-28-29619 1 2 1
33 0 clueweb12-0203wb-41-33392 1 2 0
33 0 clueweb12-0203wb-43-04273 1 1 0
33 0 clueweb12-0203wb-80-16490 1 2 0
33 0 clueweb12-0203wb-89-22949 1 2 0
33 0 clueweb12-0203wb-89-22963 1 1 0
33 0 clueweb12-0204wb-82-30315 2 2 1
33 0 clueweb12-0205wb-23-12306 1 2 0
33 0 clueweb12-0205wb-25-28711 0 1 0
33 0 clueweb12-0205wb-30-29826 1 2 0
33 0 clueweb12-0205wb-33-02750 1 2 0
33 0 clueweb12-0205wb-41-03293 1 2 1
33 0 clueweb12-0210wb-41-24409 0 0 0
33 0 clueweb12-0301wb-21-12559 1 2 1
33 0 clueweb12-0301wb-67-12853 0 1 0
33 0 clueweb12-0303wb-17-34410 1 0 0
33 0 clueweb12-0303wb-91-16134 2 0 0
33 0 clueweb12-0305wb-17-13115 1 2 0
33 0 clueweb12-0400wb-21-19999 1 1 0
33 0 clueweb12-0400wb-51-09569 2 1 0
33 0 clueweb12-0408wb-58-23346 1 0 0
33 0 clueweb12-0409wb-17-00777 1 0 1
33 0 clueweb12-0411wb-42-30216 1 0 0
33 0 clueweb12-0506wb-09-03258 2 1 1
33 0 clueweb12-0602wb-04-19572 1 1 0
33 0 clueweb12-0700tw-57-16091 1 0 0
33 0 clueweb12-0800tw-45-25044 1 2 0
33 0 clueweb12-0806wb-44-23109 2 1 1
33 0 clueweb12-0813wb-72-25439 0 1 0
33 0 clueweb12-0814wb-64-18266 0 1 0
33 0 clueweb12-0815wb-93-19924 0 1 0
33 0 clueweb12-0816wb-13-14960 1 0 1
33 0 clueweb12-0816wb-24-14619 1 0 0
33 0 clueweb12-0816wb-63-18253 1 2 0
33 0 clueweb12-0816wb-82-18739 1 0 1
33 0 clueweb12-0816wb-91-02264 0 0 0
33 0 clueweb12-0818wb-54-10580 1 2 0
33 0 clueweb12-0904wb-69-16661 1 1 0
33 0 clueweb12-0905wb-04-08054 1 1 0
33 0 clueweb12-0905wb-92-17622 1 0 0
33 0 clueweb12-0905wb-99-12977 0 1 0
33 0 clueweb12-0913wb-09-06615 1 0 0
33 0 clueweb12-0913wb-50-06443 1 2 0
33 0 clueweb12-0915wb-31-17937 0 1 0
33 0 clueweb12-0916wb-72-10182 0 1 0
33 0 clueweb12-0918wb-00-07315 1 2 1
33 0 clueweb12-0918wb-58-28981 1 2 0
33 0 clueweb12-1000tw-52-12283 1 1 0
33 0 clueweb12-1017wb-41-19517 1 0 0
33 0 clueweb12-1100wb-36-08283 1 1 1
33 0 clueweb12-1100wb-58-28565 1 1 0
33 0 clueweb12-1101wb-17-12775 1 1 0
33 0 clueweb12-1101wb-72-20261 1 1 0
33 0 clueweb12-1112wb-69-09626 1 0 0
33 0 clueweb12-1112wb-77-33358 1 2 0
33 0 clueweb12-1113wb-60-27834 2 1 0
33 0 clueweb12-1113wb-63-02346 1 2 1
33 0 clueweb12-1114wb-21-11814 1 2 1
33 0 clueweb12-1115wb-83-30404 1 0 0
33 0 clueweb12-1116wb-35-34741 2 1 0
33 0 clueweb12-1117wb-86-22345 1 0 1
33 0 clueweb12-1204wb-17-26245 1 1 1
33 0 clueweb12-1205wb-28-04747 1 0 0
33 0 clueweb12-1209wb-68-29243 1 2 1
33 0 clueweb12-1214wb-07-03275 0 1 0
33 0 clueweb12-1214wb-81-11183 0 1 0
33 0 clueweb12-1215wb-27-26250 2 3 1
33 0 clueweb12-1215wb-76-13942 1 0 1
33 0 clueweb12-1215wb-82-22504 1 1 0
33 0 clueweb12-1215wb-87-18892 1 0 0
33 0 clueweb12-1216wb-50-02281 0 1 0
33 0 clueweb12-1300wb-00-22051 1 0 0
33 0 clueweb12-1303wb-05-08595 1 0 0
33 0 clueweb12-1303wb-05-08609 1 0 1
33 0 clueweb12-1303wb-11-26379 1 2 0
33 0 clueweb12-1303wb-11-26393 1 1 0
33 0 clueweb12-1303wb-16-16621 0 1 0
33 0 clueweb12-1401wb-99-14540 0 1 0
33 0 clueweb12-1403wb-70-30281 1 0 0
33 0 clueweb12-1405wb-00-16908 1 0 0
33 0 clueweb12-1414wb-08-11686 1 0 1
33 0 clueweb12-1415wb-04-14252 2 1 1
33 0 clueweb12-1416wb-01-05756 2 1 0
33 0 clueweb12-1501wb-98-03276 1 0 0
33 0 clueweb12-1503wb-60-22198 1 0 0
33 0 clueweb12-1503wb-84-07259 1 2 0
33 0 clueweb12-1504wb-17-27886 1 0 1
33 0 clueweb12-1504wb-84-21123 1 2 1
33 0 clueweb12-1504wb-94-11239 0 0 0
33 0 clueweb12-1505wb-29-25929 2 1 0
33 0 clueweb12-1505wb-73-29821 1 2 1
33 0 clueweb12-1510wb-89-01778 1 1 0
33 0 clueweb12-1511wb-67-14555 1 1 0
33 0 clueweb12-1512wb-06-00904 1 0 0
33 0 clueweb12-1512wb-43-05037 1 2 0
33 0 clueweb12-1612wb-45-05720 1 2 1
33 0 clueweb12-1612wb-51-14781 1 1 0
33 0 clueweb12-1612wb-86-24855 1 1 0
33 0 clueweb12-1612wb-95-25645 1 0 0
33 0 clueweb12-1613wb-01-21771 1 2 0
33 0 clueweb12-1613wb-06-12351 0 1 0
33 0 clueweb12-1613wb-10-26516 1 0 1
33 0 clueweb12-1613wb-11-00258 0 1 0
33 0 clueweb12-1613wb-36-14393 1 1 0
33 0 clueweb12-1613wb-44-14824 1 0 0
33 0 clueweb12-1613wb-55-03211 0 1 0
33 0 clueweb12-1613wb-62-05721 1 0 0
33 0 clueweb12-1613wb-62-12471 2 1 0
33 0 clueweb12-1613wb-64-26406 0 2 0
33 0 clueweb12-1614wb-04-27324 2 1 0
33 0 clueweb12-1614wb-35-10868 1 1 0
33 0 clueweb12-1700wb-91-13104 1 2 0
33 0 clueweb12-1704wb-80-08648 2 3 1
33 0 clueweb12-1715wb-03-12818 1 0 1
33 0 clueweb12-1802wb-59-08954 2 1 0
33 0 clueweb12-1805wb-50-24334 1 0 1
33 0 clueweb12-1805wb-66-21036 1 2 1
33 0 clueweb12-1805wb-74-04663 1 0 1
33 0 clueweb12-1807wb-81-28851 0 1 0
33 0 clueweb12-1808wb-67-09148 1 3 1
33 0 clueweb12-1808wb-91-01004 1 2 0
33 0 clueweb12-1900tw-54-13198 1 0 0
33 0 clueweb12-1900wb-23-32007 1 2 0
33 0 clueweb12-1902wb-45-11659 1 0 0
33 0 clueweb12-1903wb-00-27033 1 2 0
33 0 clueweb12-1903wb-03-10123 1 1 0
33 0 clueweb12-1904wb-05-06278 2 1 1
33 0 clueweb12-1904wb-21-08272 1 2 0
33 0 clueweb12-1904wb-28-06389 1 2 1
33 0 clueweb12-1904wb-30-11344 1 2 0
33 0 clueweb12-1904wb-33-05836 2 2 1
33 0 clueweb12-1904wb-35-10087 1 2 0
33 0 clueweb12-1904wb-38-04814 1 2 1
33 0 clueweb12-1904wb-38-04828 1 2 1
33 0 clueweb12-1904wb-42-11157 2 1 0
33 0 clueweb12-1904wb-42-11171 1 2 1
33 0 clueweb12-1904wb-45-04880 1 1 0
33 0 clueweb12-1904wb-47-08285 2 1 1
33 0 clueweb12-1904wb-47-08299 1 1 0
33 0 clueweb12-1904wb-51-10934 1 2 1
33 0 clueweb12-1904wb-51-10948 1 2 1
33 0 clueweb12-1904wb-54-01337 2 1 0
33 0 clueweb12-1904wb-56-08957 1 2 1
33 0 clueweb12-1904wb-60-07545 1 2 1
33 0 clueweb12-1904wb-60-07559 2 2 0
33 0 clueweb12-1904wb-62-11095 1 1 1
33 0 clueweb12-1904wb-62-11109 1 2 1
33 0 clueweb12-1904wb-78-04030 1 1 1
33 0 clueweb12-1904wb-78-04044 1 1 0
33 0 clueweb12-1904wb-80-06489 2 1 0
33 0 clueweb12-1904wb-82-08464 2 2 1
33 0 clueweb12-1904wb-84-11775 2 1 1
33 0 clueweb12-1904wb-84-11789 1 1 0
33 0 clueweb12-1904wb-87-05242 1 1 0
33 0 clueweb12-1904wb-96-05451 1 1 0
33 0 clueweb12-1908wb-54-29916 1 1 0
33 0 clueweb12-1910wb-24-04736 2 1 0
34 0 clueweb12-0000wb-77-20043 1 2 0
34 0 clueweb12-0002wb-00-26750 1 0 1
34 0 clueweb12-0002wb-92-17531 2 1 1
34 0 clueweb12-0004wb-19-24136 1 2 1
34 0 clueweb12-0007wb-39-31599 1 1 1
34 0 clueweb12-0009wb-80-00685 1 1 0
34 0 clueweb12-0010wb-76-09048 1 2 0
34 0 clueweb12-0012wb-90-08099 1 0 0
34 0 clueweb12-0013wb-06-23932 1 0 0
34 0 clueweb12-0100wb-04-22614 1 1 0
34 0 clueweb12-0102wb-65-18961 1 2 1
34 0 clueweb12-0103wb-76-04466 1 1 0
34 0 clueweb12-0106wb-68-16768 1 2 1
34 0 clueweb12-0109wb-25-10775 1 2 1
34 0 clueweb12-0109wb-54-20072 2 1 1
34 0 clueweb12-0111wb-51-21549 2 1 1
34 0 clueweb12-0204wb-70-02193 1 1 0
34 0 clueweb12-0205wb-71-05820 1 1 1
34 0 clueweb12-0205wb-94-15877 1 2 0
34 0 clueweb12-0205wb-95-27137 1 2 1
34 0 clueweb12-0208wb-36-05449 1 2 0
34 0 clueweb12-0209wb-59-12258 1 0 1
34 0 clueweb12-0210wb-88-01764 1 1 0
34 0 clueweb12-0300wb-05-23381 0 1 0
34 0 clueweb12-0300wb-06-06597 1 2 0
34 0 clueweb12-0303wb-93-29132 1 2 0
34 0 clueweb12-0311wb-21-07435 1 0 0
34 0 clueweb12-0312wb-02-08457 0 1 0
34 0 clueweb12-0400wb-91-17844 1 2 1
34 0 clueweb12-0403wb-94-25974 2 2 1
34 0 clueweb12-0406wb-97-26165 2 3 1
34 0 clueweb12-0503wb-47-03045 1 2 1
34 0 clueweb12-0505wb-89-10688 1 2 1
34 0 clueweb12-0600wb-00-01672 1 2 1
34 0 clueweb12-0603wb-45-01180 1 2 1
34 0 clueweb12-0603wb-45-09407 1 2 1
34 0 clueweb12-0607wb-16-19030 1 1 0
34 0 clueweb12-0702wb-04-05657 1 1 1
34 0 clueweb12-0703wb-05-02392 1 2 1
34 0 clueweb12-0713wb-59-22233 1 1 1
34 0 clueweb12-0813wb-01-17893 1 2 0
34 0 clueweb12-0910wb-36-19880 1 0 0
34 0 clueweb12-0913wb-47-13214 2 3 1
34 0 clueweb12-1013wb-16-13784 2 0 0
34 0 clueweb12-1107wb-06-10054 1 2 0
34 0 clueweb12-1107wb-89-07489 1 2 0
34 0 clueweb12-1114wb-70-00433 1 1 0
34 0 clueweb12-1200wb-75-12920 1 2 1
34 0 clueweb12-1205wb-35-14567 1 2 0
34 0 clueweb12-1211wb-04-15144 1 2 0
34 0 clueweb12-1311wb-30-09817 1 2 1
34 0 clueweb12-1314wb-66-19247 1 2 0
34 0 clueweb12-1414wb-32-16512 2 1 0
34 0 clueweb12-1510wb-17-07154 1 1 1
34 0 clueweb12-1702wb-78-07216 1 2 1
34 0 clueweb12-1714wb-00-16532 1 2 1
34 0 clueweb12-1714wb-88-08270 2 1 1
34 0 clueweb12-1810wb-52-03073 1 1 0
34 0 clueweb12-1900wb-55-18965 1 1 0
34 0 clueweb12-1904wb-17-11589 1 2 1
34 0 clueweb12-1908wb-86-26047 1 2 0
34 0 clueweb12-1910wb-38-09954 1 1 0
36 0 clueweb12-0000wb-01-00711 1 0 1
36 0 clueweb12-0000wb-58-30189 0 0 1
36 0 clueweb12-0001wb-42-03668 1 2 1
36 0 clueweb12-0002wb-34-10221 1 2 1
36 0 clueweb12-0002wb-36-05740 1 0 0
36 0 clueweb12-0002wb-82-08801 1 2 1
36 0 clueweb12-0005wb-87-25133 0 1 0
36 0 clueweb12-0010wb-02-13940 1 2 1
36 0 clueweb12-0011wb-57-00154 1 0 0
36 0 clueweb12-0011wb-69-11995 0 0 0
36 0 clueweb12-0011wb-98-32925 0 0 0
36 0 clueweb12-0103wb-93-30470 1 2 1
36 0 clueweb12-0104wb-71-17580 1 2 1
36 0 clueweb12-0104wb-91-30282 2 3 1
36 0 clueweb12-0105wb-17-27150 2 2 1
36 0 clueweb12-0105wb-77-03687 2 3 1
36 0 clueweb12-0105wb-82-02380 1 2 1
36 0 clueweb12-0106wb-33-09133 1 1 1
36 0 clueweb12-0106wb-99-25175 1 1 0
36 0 clueweb12-0107wb-17-08518 1 2 1
36 0 clueweb12-0108wb-18-21090 1 1 0
36 0 clueweb12-0109wb-14-25779 1 0 0
36 0 clueweb12-0109wb-30-13252 1 1 1
36 0 clueweb12-0112wb-35-15691 1 2 1
36 0 clueweb12-0202wb-81-24723 2 3 1
36 0 clueweb12-0205wb-01-27714 2 1 1
36 0 clueweb12-0205wb-24-09745 1 1 0
36 0 clueweb12-0206wb-68-21142 1 0 1
36 0 clueweb12-0208wb-01-25020 1 2 1
36 0 clueweb12-0208wb-24-25701 1 0 1
36 0 clueweb12-0208wb-34-10097 1 1 0
36 0 clueweb12-0208wb-97-29596 2 1 1
36 0 clueweb12-0210wb-47-33662 1 2 1
36 0 clueweb12-0210wb-69-19425 2 1 1
36 0 clueweb12-0210wb-89-27990 2 1 1
36 0 clueweb12-0211wb-92-27211 1 2 1
36 0 clueweb12-0212wb-09-22015 1 2 1
36 0 clueweb12-0300wb-32-15059 1 1 0
36 0 clueweb12-0300wb-63-22174 2 3 1
36 0 clueweb12-0300wb-66-10095 1 0 0
36 0 clueweb12-0300wb-73-30103 1 2 1
36 0 clueweb12-0301wb-18-12068 2 1 1
36 0 clueweb12-0307wb-35-19280 2 1 1
36 0 clueweb12-0400tw-17-06617 1 0 0
36 0 clueweb12-0400tw-66-23642 1 1 1
36 0 clueweb12-0400wb-98-06748 0 1 0
36 0 clueweb12-0403wb-00-24768 1 0 1
36 0 clueweb12-0403wb-39-31132 1 2 1
36 0 clueweb12-0403wb-80-11895 1 2 1
36 0 clueweb12-0404wb-37-16267 0 1 0
36 0 clueweb12-0404wb-86-13443 0 1 0
36 0 clueweb12-0406wb-08-07906 2 1 1
36 0 clueweb12-0409wb-20-08548 1 1 1
36 0 clueweb12-0409wb-36-08959 2 1 1
36 0 clueweb12-0411wb-29-07125 2 3 1
36 0 clueweb12-0508wb-85-07232 1 2 1
36 0 clueweb12-0600wb-65-16762 1 1 0
36 0 clueweb12-0601wb-52-24965 2 1 1
36 0 clueweb12-0602wb-61-20481 2 1 1
36 0 clueweb12-0604wb-13-24221 2 1 0
36 0 clueweb12-0605wb-00-04536 1 0 1
36 0 clueweb12-0605wb-39-15919 1 1 1
36 0 clueweb12-0605wb-64-06841 1 1 1
36 0 clueweb12-0703wb-83-19670 1 2 1
36 0 clueweb12-0709wb-93-14960 1 3 1
36 0 clueweb12-0712wb-93-18562 1 1 0
36 0 clueweb12-0714wb-19-00027 2 1 0
36 0 clueweb12-0900tw-96-06033 1 0 1
36 0 clueweb12-0908wb-68-17471 1 2 1
36 0 clueweb12-0908wb-96-23067 2 2 1
36 0 clueweb12-0912wb-09-22085 2 1 1
36 0 clueweb12-0915wb-09-26215 2 1 1
36 0 clueweb12-0918wb-60-25299 1 1 0
36 0 clueweb12-1008wb-40-15608 1 1 1
36 0 clueweb12-1014wb-65-17648 1 1 1
36 0 clueweb12-1015wb-00-24508 1 2 1
36 0 clueweb12-1020wb-04-10506 1 2 1
36 0 clueweb12-1102wb-72-02878 2 1 1
36 0 clueweb12-1113wb-13-16025 1 0 0
36 0 clueweb12-1113wb-66-04033 2 1 0
36 0 clueweb12-1115wb-84-20763 1 0 1
36 0 clueweb12-1117wb-21-02799 1 2 1
36 0 clueweb12-1203wb-10-08438 1 0 0
36 0 clueweb12-1300tw-47-02544 2 1 0
36 0 clueweb12-1307wb-46-06021 1 1 0
36 0 clueweb12-1307wb-90-08216 0 0 0
36 0 clueweb12-1312wb-05-16596 1 1 0
36 0 clueweb12-1312wb-65-17817 2 1 1
36 0 clueweb12-1313wb-96-08618 1 1 1
36 0 clueweb12-1400tw-64-01512 1 2 1
36 0 clueweb12-1401wb-09-03358 2 1 0
36 0 clueweb12-1401wb-10-19176 1 1 0
36 0 clueweb12-1501wb-14-23015 1 2 1
36 0 clueweb12-1502wb-19-07985 1 2 0
36 0 clueweb12-1502wb-84-19719 1 2 0
36 0 clueweb12-1512wb-07-30470 1 1 0
36 0 clueweb12-1512wb-47-29125 1 2 1
36 0 clueweb12-1516wb-21-03701 2 3 1
36 0 clueweb12-1601wb-87-01317 1 0 1
36 0 clueweb12-1611wb-25-05536 1 2 0
36 0 clueweb12-1704wb-75-23369 1 1 1
36 0 clueweb12-1704wb-85-34163 1 0 1
36 0 clueweb12-1709wb-16-11968 2 3 1
36 0 clueweb12-1709wb-69-01473 1 2 1
36 0 clueweb12-1711wb-65-08181 1 2 1
36 0 clueweb12-1712wb-03-22369 1 2 1
36 0 clueweb12-1715wb-06-10223 1 2 1
36 0 clueweb12-1715wb-90-16088 1 0 0
36 0 clueweb12-1716wb-45-20815 1 1 1
36 0 clueweb12-1801wb-80-03145 1 1 0
36 0 clueweb12-1803wb-37-30164 1 1 0
36 0 clueweb12-1809wb-67-28089 1 2 0
36 0 clueweb12-1810wb-50-11049 1 2 0
36 0 clueweb12-1813wb-91-13496 1 0 0
36 0 clueweb12-1814wb-66-11400 1 1 0
36 0 clueweb12-1814wb-72-11911 1 1 0
36 0 clueweb12-1815wb-04-23279 1 1 1
36 0 clueweb12-1815wb-05-03840 0 0 0
36 0 clueweb12-1900wb-17-22342 1 1 1
36 0 clueweb12-1908wb-03-29643 2 1 0
36 0 clueweb12-1910wb-84-00539 1 1 1
37 0 clueweb12-0000wb-21-14197 1 0 1
37 0 clueweb12-0000wb-73-17828 1 1 0
37 0 clueweb12-0002wb-04-12055 1 0 0
37 0 clueweb12-0006wb-01-17024 1 0 1
37 0 clueweb12-0008wb-31-17670 1 0 1
37 0 clueweb12-0100tw-19-12147 1 0 0
37 0 clueweb12-0200wb-19-13625 0 1 0
37 0 clueweb12-0204wb-36-02548 1 0 0
37 0 clueweb12-0206wb-68-18689 1 0 0
37 0 clueweb12-0208wb-34-07268 1 2 1
37 0 clueweb12-0209wb-14-13534 1 0 0
37 0 clueweb12-0209wb-67-10390 1 0 1
37 0 clueweb12-0300tw-23-00455 1 1 0
37 0 clueweb12-0311wb-03-09572 1 0 0
37 0 clueweb12-0401tw-01-18806 1 0 0
37 0 clueweb12-0405wb-40-28590 1 1 1
37 0 clueweb12-0409wb-55-03024 0 1 0
37 0 clueweb12-0411wb-37-09781 2 1 0
37 0 clueweb12-0506wb-74-15092 1 2 1
37 0 clueweb12-0512wb-28-15813 0 1 0
37 0 clueweb12-0600wb-11-32428 1 0 0
37 0 clueweb12-0600wb-21-20517 1 2 1
37 0 clueweb12-0605wb-45-27097 1 0 0
37 0 clueweb12-0605wb-58-06395 1 0 1
37 0 clueweb12-0808wb-73-24466 1 1 0
37 0 clueweb12-0914wb-01-22609 1 2 0
37 0 clueweb12-0917wb-21-19624 1 2 0
37 0 clueweb12-1209wb-67-20558 1 2 0
37 0 clueweb12-1213wb-15-03098 1 1 0
37 0 clueweb12-1213wb-58-11540 1 1 0
37 0 clueweb12-1305wb-05-32498 1 0 0
37 0 clueweb12-1310wb-76-13045 1 1 0
37 0 clueweb12-1509wb-37-01783 0 0 1
37 0 clueweb12-1513wb-66-11384 1 2 0
37 0 clueweb12-1600wb-09-20260 1 1 1
37 0 clueweb12-1604wb-67-24266 1 2 1
37 0 clueweb12-1607wb-69-22584 0 0 1
37 0 clueweb12-1610wb-86-09646 1 2 0
37 0 clueweb12-1612wb-18-11576 1 0 0
37 0 clueweb12-1704wb-27-31456 1 0 1
37 0 clueweb12-1909wb-42-03497 0 1 0
38 0 clueweb12-0004wb-65-09104 1 1 0
38 0 clueweb12-0100tw-06-20494 1 1 0
38 0 clueweb12-0100wb-71-16569 0 1 0
38 0 clueweb12-0104wb-14-07702 1 0 0
38 0 clueweb12-0104wb-29-06837 1 0 0
38 0 clueweb12-0200wb-57-10129 2 1 1
38 0 clueweb12-0201wb-88-31115 1 0 1
38 0 clueweb12-0203wb-41-02695 1 1 0
38 0 clueweb12-0203wb-49-10559 2 1 1
38 0 clueweb12-0204wb-07-17302 1 2 1
38 0 clueweb12-0204wb-37-23022 1 1 0
38 0 clueweb12-0212wb-19-17066 1 1 0
38 0 clueweb12-0309wb-08-00184 1 2 0
38 0 clueweb12-0501wb-11-10538 1 2 0
38 0 clueweb12-0501wb-23-25120 1 2 1
38 0 clueweb12-0510wb-97-17260 1 2 0
38 0 clueweb12-0700tw-51-20747 1 2 1
38 0 clueweb12-0701wb-75-01347 1 1 1
38 0 clueweb12-0716wb-21-08705 1 1 0
38 0 clueweb12-0900tw-05-03201 1 2 0
38 0 clueweb12-0914wb-91-03403 1 0 0
38 0 clueweb12-1012wb-26-08465 1 1 0
38 0 clueweb12-1106wb-88-01583 2 2 1
38 0 clueweb12-1107wb-98-13577 1 2 0
38 0 clueweb12-1109wb-36-15769 1 0 0
38 0 clueweb12-1200tw-41-05978 1 2 0
38 0 clueweb12-1205wb-25-02387 1 0 0
38 0 clueweb12-1205wb-37-04071 1 0 0
38 0 clueweb12-1205wb-37-04595 1 0 1
38 0 clueweb12-1205wb-60-15551 1 0 0
38 0 clueweb12-1208wb-68-14137 1 0 0
38 0 clueweb12-1208wb-68-14431 1 1 0
38 0 clueweb12-1208wb-71-13064 1 1 0
38 0 clueweb12-1208wb-98-23451 1 1 0
38 0 clueweb12-1208wb-98-23890 1 1 0
38 0 clueweb12-1209wb-10-00514 1 0 0
38 0 clueweb12-1209wb-13-06828 1 1 1
38 0 clueweb12-1209wb-89-18709 1 2 0
38 0 clueweb12-1213wb-79-14266 2 1 0
38 0 clueweb12-1218wb-20-01603 1 2 1
38 0 clueweb12-1300tw-75-06734 1 1 0
38 0 clueweb12-1406wb-87-07971 1 1 0
38 0 clueweb12-1406wb-87-08360 1 1 0
38 0 clueweb12-1406wb-87-08993 1 0 0
38 0 clueweb12-1406wb-87-09354 1 0 1
38 0 clueweb12-1406wb-87-09642 1 0 0
38 0 clueweb12-1407wb-44-31887 1 1 0
38 0 clueweb12-1407wb-44-32747 1 0 1
38 0 clueweb12-1407wb-44-33113 1 1 0
38 0 clueweb12-1407wb-89-19756 1 0 0
38 0 clueweb12-1408wb-70-18284 1 1 0
38 0 clueweb12-1500wb-75-31030 1 0 1
38 0 clueweb12-1500wb-75-31367 1 2 0
38 0 clueweb12-1500wb-75-31521 1 0 0
38 0 clueweb12-1500wb-75-31689 1 0 1
38 0 clueweb12-1500wb-75-31717 1 0 0
38 0 clueweb12-1500wb-79-13667 1 1 0
38 0 clueweb12-1500wb-91-24652 1 1 1
38 0 clueweb12-1500wb-91-24876 1 0 1
38 0 clueweb12-1500wb-91-25072 1 0 1
38 0 clueweb12-1500wb-91-25296 1 1 1
38 0 clueweb12-1501wb-77-06176 1 2 1
38 0 clueweb12-1503wb-35-20555 1 1 0
38 0 clueweb12-1506wb-88-09780 0 1 0
38 0 clueweb12-1506wb-88-10521 1 0 1
38 0 clueweb12-1506wb-88-11262 1 1 0
38 0 clueweb12-1510wb-27-16439 2 1 1
38 0 clueweb12-1510wb-29-02194 2 2 1
38 0 clueweb12-1603wb-73-01210 1 0 1
38 0 clueweb12-1608wb-38-10773 1 1 0
38 0 clueweb12-1701wb-77-26718 1 1 0
38 0 clueweb12-1704wb-87-09769 1 2 0
38 0 clueweb12-1800wb-03-27628 1 1 0
38 0 clueweb12-1815wb-38-20100 1 2 0
38 0 clueweb12-1908wb-94-14691 1 1 1
38 0 clueweb12-1910wb-55-17927 1 2 0
39 0 clueweb12-0001wb-69-13622 1 2 1
39 0 clueweb12-0003wb-50-05390 1 0 1
39 0 clueweb12-0004wb-00-21595 1 2 0
39 0 clueweb12-0005wb-40-20992 1 1 0
39 0 clueweb12-0009wb-72-13175 2 1 1
39 0 clueweb12-0011wb-51-32872 1 2 0
39 0 clueweb12-0101wb-25-22070 0 0 0
39 0 clueweb12-0103wb-40-25738 1 2 1
39 0 clueweb12-0108wb-51-03569 1 2 1
39 0 clueweb12-0109wb-21-08289 0 0 0
39 0 clueweb12-0205wb-26-33976 2 1 1
39 0 clueweb12-0304wb-44-24305 0 0 0
39 0 clueweb12-0304wb-88-22573 1 2 0
39 0 clueweb12-0305wb-37-28034 1 2 0
39 0 clueweb12-0400wb-74-14805 1 1 0
39 0 clueweb12-0409wb-10-27656 1 1 0
39 0 clueweb12-0600tw-11-19856 1 1 0
39 0 clueweb12-0602wb-83-14710 1 2 1
39 0 clueweb12-0609wb-05-15880 1 2 1
39 0 clueweb12-0701wb-64-07097 1 1 0
39 0 clueweb12-0703wb-95-22263 1 2 0
39 0 clueweb12-0803wb-63-08932 1 2 1
39 0 clueweb12-0807wb-33-13418 2 1 0
39 0 clueweb12-0914wb-06-00212 2 1 0
39 0 clueweb12-0915wb-68-06591 1 2 1
39 0 clueweb12-0917wb-90-25840 1 0 1
39 0 clueweb12-1113wb-27-16668 1 2 1
39 0 clueweb12-1200wb-44-26795 2 1 1
39 0 clueweb12-1210wb-21-21862 1 1 0
39 0 clueweb12-1210wb-87-05386 1 1 0
39 0 clueweb12-1301wb-48-08392 1 0 1
39 0 clueweb12-1407wb-32-05324 0 1 0
39 0 clueweb12-1407wb-66-07454 1 0 0
39 0 clueweb12-1508wb-15-31556 0 1 0
39 0 clueweb12-1509wb-87-21308 1 2 0
39 0 clueweb12-1513wb-04-12534 1 0 0
39 0 clueweb12-1515wb-98-01096 1 2 0
39 0 clueweb12-1600wb-06-09409 1 1 0
39 0 clueweb12-1610wb-56-02248 1 1 0
39 0 clueweb12-1706wb-57-08243 2 1 1
39 0 clueweb12-1806wb-07-08649 1 2 0
39 0 clueweb12-1813wb-29-08601 1 1 0
39 0 clueweb12-1815wb-26-02475 1 2 0
39 0 clueweb12-1901wb-60-08992 2 0 1
39 0 clueweb12-1903wb-88-23570 1 2 0
39 0 clueweb12-1906wb-39-18524 1 1 1
39 0 clueweb12-1908wb-02-05021 1 1 0
39 0 clueweb12-1912wb-13-00370 1 2 1
40 0 clueweb12-0000wb-21-13679 1 2 0
40 0 clueweb12-0001wb-59-38555 1 1 0
40 0 clueweb12-0003wb-10-01455 2 1 0
40 0 clueweb12-0004wb-62-30082 2 1 0
40 0 clueweb12-0005wb-07-10338 1 1 0
40 0 clueweb12-0008wb-75-21872 2 1 0
40 0 clueweb12-0009wb-57-00293 0 0 0
40 0 clueweb12-0013wb-78-30990 1 2 1
40 0 clueweb12-0103wb-21-16885 1 2 1
40 0 clueweb12-0106wb-20-30133 1 2 0
40 0 clueweb12-0109wb-77-13811 1 1 1
40 0 clueweb12-0109wb-91-26662 0 1 0
40 0 clueweb12-0112wb-20-25401 1 1 1
40 0 clueweb12-0204wb-79-25562 1 1 0
40 0 clueweb12-0206wb-09-05674 1 2 1
40 0 clueweb12-0207wb-92-10040 1 2 0
40 0 clueweb12-0209wb-68-35508 1 1 0
40 0 clueweb12-0209wb-92-03267 0 1 0
40 0 clueweb12-0211wb-00-20208 2 1 0
40 0 clueweb12-0300tw-88-06553 1 3 1
40 0 clueweb12-0303wb-18-09540 1 2 0
40 0 clueweb12-0400wb-24-05944 1 1 0
40 0 clueweb12-0407wb-01-17415 1 0 1
40 0 clueweb12-0500tw-27-18913 1 2 0
40 0 clueweb12-0500tw-33-04418 1 1 0
40 0 clueweb12-0500wb-04-09547 2 1 1
40 0 clueweb12-0501wb-52-00514 1 2 1
40 0 clueweb12-0501wb-96-02432 2 1 1
40 0 clueweb12-0505wb-00-09634 1 1 0
40 0 clueweb12-0603wb-01-20293 1 1 0
40 0 clueweb12-0606wb-13-22943 1 0 0
40 0 clueweb12-0607wb-17-24281 1 2 1
40 0 clueweb12-0611wb-92-22077 1 1 0
40 0 clueweb12-0702wb-39-26740 2 3 1
40 0 clueweb12-0800tw-03-21576 1 2 0
40 0 clueweb12-0806wb-17-16728 1 1 0
40 0 clueweb12-0816wb-57-20438 1 1 0
40 0 clueweb12-0818wb-57-02837 1 0 1
40 0 clueweb12-0900tw-18-09277 2 1 0
40 0 clueweb12-0908wb-63-02631 1 1 0
40 0 clueweb12-0908wb-96-01637 0 0 0
40 0 clueweb12-1000tw-26-08268 1 2 0
40 0 clueweb12-1010wb-99-15190 2 2 1
40 0 clueweb12-1109wb-23-20707 1 1 0
40 0 clueweb12-1110wb-80-06636 0 0 0
40 0 clueweb12-1200tw-69-10620 1 1 0
40 0 clueweb12-1207wb-47-28930 1 0 1
40 0 clueweb12-1208wb-57-04591 1 2 0
40 0 clueweb12-1210wb-73-24321 1 2 1
40 0 clueweb12-1213wb-15-05517 0 1 0
40 0 clueweb12-1213wb-51-13680 2 1 0
40 0 clueweb12-1214wb-60-02702 1 2 0
40 0 clueweb12-1305wb-98-31485 0 1 0
40 0 clueweb12-1306wb-98-24133 2 3 0
40 0 clueweb12-1501tw-06-01209 1 1 0
40 0 clueweb12-1503wb-90-01836 2 1 0
40 0 clueweb12-1600tw-23-05410 1 2 0
40 0 clueweb12-1601wb-75-22604 1 1 0
40 0 clueweb12-1609wb-02-01911 1 2 1
40 0 clueweb12-1615wb-72-15337 1 1 0
40 0 clueweb12-1703wb-46-17481 1 2 1
40 0 clueweb12-1708wb-10-00299 2 3 1
40 0 clueweb12-1717wb-43-22742 1 0 0
40 0 clueweb12-1801wb-22-19869 1 1 0
40 0 clueweb12-1814wb-72-02444 1 1 0
40 0 clueweb12-1901wb-23-15084 1 2 1
40 0 clueweb12-1901wb-93-18339 1 2 1
40 0 clueweb12-1910wb-36-01291 1 2 0
41 0 clueweb12-0001wb-08-15984 1 2 1
41 0 clueweb12-0001wb-26-16395 1 1 1
41 0 clueweb12-0002wb-73-24819 1 2 1
41 0 clueweb12-0003wb-50-31184 1 1 0
41 0 clueweb12-0005wb-52-29133 2 1 0
41 0 clueweb12-0101wb-56-28462 1 2 1
41 0 clueweb12-0105wb-12-17367 1 2 1
41 0 clueweb12-0105wb-55-04568 1 2 0
41 0 clueweb12-0200tw-87-18052 0 1 1
41 0 clueweb12-0200wb-19-10542 1 1 1
41 0 clueweb12-0202wb-19-12049 1 2 0
41 0 clueweb12-0209wb-27-08988 1 1 0
41 0 clueweb12-0300wb-40-04771 2 1 1
41 0 clueweb12-0302wb-39-31413 0 1 0
41 0 clueweb12-0305wb-76-02774 1 2 1
41 0 clueweb12-0806wb-17-16657 1 0 0
41 0 clueweb12-0817wb-89-33345 0 1 0
41 0 clueweb12-0906wb-25-03110 1 2 1
41 0 clueweb12-0906wb-36-26832 2 1 1
41 0 clueweb12-0910wb-12-25299 2 2 1
41 0 clueweb12-1000wb-87-14934 1 0 1
41 0 clueweb12-1001wb-00-05016 1 0 1
41 0 clueweb12-1411wb-24-13153 1 1 0
41 0 clueweb12-1507wb-40-05896 1 0 0
41 0 clueweb12-1507wb-44-00370 2 1 0
41 0 clueweb12-1515wb-17-05572 1 1 0
41 0 clueweb12-1608wb-14-11793 1 2 0
41 0 clueweb12-1608wb-51-25863 1 2 1
41 0 clueweb12-1616wb-88-18189 2 3 1
41 0 clueweb12-1804wb-92-17071 1 0 0
41 0 clueweb12-1906wb-43-05388 2 1 1
41 0 clueweb12-1906wb-69-16303 1 1 0
41 0 clueweb12-1907wb-56-11197 2 2 1
41 0 clueweb12-1911wb-72-00488 1 2 1
41 0 clueweb12-1911wb-95-24233 1 1 0
42 0 clueweb12-0005wb-04-16436 0 1 0
42 0 clueweb12-0013wb-65-22682 2 1 0
42 0 clueweb12-0013wb-82-05923 2 1 1
42 0 clueweb12-0102wb-52-07392 1 2 1
42 0 clueweb12-0109wb-70-07191 1 2 0
42 0 clueweb12-0200tw-68-00766 2 3 1
42 0 clueweb12-0201wb-91-26678 1 0 0
42 0 clueweb12-0205wb-51-23713 1 2 0
42 0 clueweb12-0209wb-07-35126 0 0 0
42 0 clueweb12-0303wb-86-34251 1 1 0
42 0 clueweb12-0305wb-27-22529 1 1 1
42 0 clueweb12-0409wb-81-22720 1 2 1
42 0 clueweb12-0501wb-10-23461 1 2 1
42 0 clueweb12-0501wb-32-23137 1 2 0
42 0 clueweb12-0511wb-18-22396 1 1 0
42 0 clueweb12-0704wb-24-31513 1 2 0
42 0 clueweb12-0709wb-87-07019 2 1 1
42 0 clueweb12-0716wb-83-27700 1 1 1
42 0 clueweb12-0804wb-46-14092 0 1 0
42 0 clueweb12-0804wb-64-07448 1 2 1
42 0 clueweb12-0807wb-29-13854 1 2 1
42 0 clueweb12-0817wb-89-09335 1 1 0
42 0 clueweb12-0818wb-84-17793 0 1 1
42 0 clueweb12-0915wb-34-28095 1 1 0
42 0 clueweb12-0917wb-91-13618 1 1 1
42 0 clueweb12-1001wb-02-14533 1 1 1
42 0 clueweb12-1007wb-98-21728 2 1 1
42 0 clueweb12-1109wb-36-06575 1 1 0
42 0 clueweb12-1209wb-14-17787 2 2 1
42 0 clueweb12-1217wb-56-18456 1 1 0
42 0 clueweb12-1415wb-95-04054 1 2 1
42 0 clueweb12-1500tw-43-17665 1 0 0
42 0 clueweb12-1500tw-99-02079 0 1 0
42 0 clueweb12-1508wb-83-05589 0 0 0
42 0 clueweb12-1511wb-09-21620 1 2 0
42 0 clueweb12-1706wb-89-29136 1 1 1
42 0 clueweb12-1802wb-46-25900 1 2 1
42 0 clueweb12-1805wb-95-13720 1 2 0
42 0 clueweb12-1807wb-59-03238 0 0 0
42 0 clueweb12-1807wb-97-29782 1 2 1
42 0 clueweb12-1905wb-06-11898 2 1 0
42 0 clueweb12-1910wb-53-17761 1 2 0
44 0 clueweb12-0104wb-49-20522 1 0 0
44 0 clueweb12-0104wb-91-20219 0 1 0
44 0 clueweb12-0110wb-39-01413 1 2 1
44 0 clueweb12-0111wb-06-25007 0 1 0
44 0 clueweb12-0206wb-49-27223 1 1 0
44 0 clueweb12-0300tw-31-07606 2 1 0
44 0 clueweb12-0311wb-43-29555 1 0 1
44 0 clueweb12-0400wb-95-00108 1 0 1
44 0 clueweb12-0505wb-16-24604 1 1 0
44 0 clueweb12-0710wb-42-26850 0 1 1
44 0 clueweb12-1005wb-56-06767 0 1 0
44 0 clueweb12-1110wb-19-10345 1 2 0
44 0 clueweb12-1206wb-25-03690 1 0 1
44 0 clueweb12-1206wb-32-25726 1 2 0
44 0 clueweb12-1210wb-41-19460 1 1 0
44 0 clueweb12-1400wb-28-21290 0 1 0
44 0 clueweb12-1408wb-35-08821 0 1 0
44 0 clueweb12-1607wb-53-19532 2 1 1
44 0 clueweb12-1706wb-47-14549 1 2 0
44 0 clueweb12-1809wb-74-20288 1 0 1
44 0 clueweb12-1905wb-12-06269 1 0 1
44 0 clueweb12-1910wb-14-13192 2 1 0
45 0 clueweb12-0001wb-98-37784 0 1 0
45 0 clueweb12-0005wb-66-08007 1 2 0
45 0 clueweb12-0104wb-47-24118 0 1 0
45 0 clueweb12-0106wb-21-21677 0 1 0
45 0 clueweb12-0110wb-11-09029 0 1 0
45 0 clueweb12-0211wb-59-09977 1 1 1
45 0 clueweb12-0301wb-03-23102 1 0 1
45 0 clueweb12-0303wb-39-34820 0 1 0
45 0 clueweb12-0304wb-20-23529 1 0 0
45 0 clueweb12-0400tw-05-17325 1 2 0
45 0 clueweb12-0500wb-51-00038 1 0 0
45 0 clueweb12-0501wb-37-24339 1 1 0
45 0 clueweb12-0814wb-90-06358 1 2 0
45 0 clueweb12-0814wb-95-09905 1 2 0
45 0 clueweb12-0814wb-97-08178 0 1 0
45 0 clueweb12-0900tw-94-10786 2 1 0
45 0 clueweb12-0901tw-03-10936 0 1 0
45 0 clueweb12-1114wb-85-17190 1 0 0
45 0 clueweb12-1115wb-14-11025 0 1 0
45 0 clueweb12-1310wb-50-35428 1 2 0
45 0 clueweb12-1614wb-07-15301 1 0 1
45 0 clueweb12-1701wb-92-26200 0 1 0
45 0 clueweb12-1804wb-00-28949 1 1 0
45 0 clueweb12-1810wb-22-06047 0 0 0
45 0 clueweb12-1903wb-56-01004 1 2 0
45 0 clueweb12-1904wb-38-16605 0 1 0
45 0 clueweb12-1907wb-56-03718 1 2 0
45 0 clueweb12-1909wb-84-28154 1 1 0
45 0 clueweb12-1911wb-88-21788 1 1 0
47 0 clueweb12-0007wb-17-24981 1 0 0
47 0 clueweb12-0008wb-73-23850 1 0 0
47 0 clueweb12-0011wb-60-11702 1 1 0
47 0 clueweb12-0101wb-86-21158 1 1 0
47 0 clueweb12-0111wb-62-16159 1 0 0
47 0 clueweb12-0111wb-98-04373 0 0 0
47 0 clueweb12-0112wb-48-27812 1 1 1
47 0 clueweb12-0203wb-66-09517 1 1 0
47 0 clueweb12-0205wb-58-14758 0 1 0
47 0 clueweb12-0209wb-42-22521 1 1 0
47 0 clueweb12-0210wb-96-19819 1 0 0
47 0 clueweb12-0211wb-04-17815 1 0 0
47 0 clueweb12-0211wb-82-03990 1 1 0
47 0 clueweb12-0503wb-06-10988 0 2 1
47 0 clueweb12-0608wb-50-14370 1 1 0
47 0 clueweb12-0713wb-27-19280 1 0 1
47 0 clueweb12-0803wb-05-22067 1 1 0
47 0 clueweb12-0915wb-54-15195 1 1 0
47 0 clueweb12-1100wb-83-24341 1 2 0
47 0 clueweb12-1102wb-49-25201 0 1 0
47 0 clueweb12-1300tw-55-06749 1 2 0
47 0 clueweb12-1302wb-53-19394 1 2 1
47 0 clueweb12-1305wb-57-04706 1 2 1
47 0 clueweb12-1315wb-26-05898 1 1 0
47 0 clueweb12-1406wb-27-03247 0 0 0
47 0 clueweb12-1507wb-18-32038 0 1 0
47 0 clueweb12-1507wb-39-04319 1 0 1
47 0 clueweb12-1508wb-04-13872 0 1 0
47 0 clueweb12-1600tw-40-19873 0 1 0
47 0 clueweb12-1700wb-32-05523 1 0 1
47 0 clueweb12-1706wb-57-08243 0 1 0
47 0 clueweb12-1712wb-04-03305 1 0 0
47 0 clueweb12-1717wb-04-09575 1 1 1
47 0 clueweb12-1910wb-36-25301 1 2 0
47 0 clueweb12-1911wb-88-05998 1 0 1
47 0 clueweb12-1911wb-98-30976 1 2 0
49 0 clueweb12-0001wb-05-19146 1 1 0
49 0 clueweb12-0003wb-15-05475 1 1 1
49 0 clueweb12-0006wb-33-06002 0 1 0
49 0 clueweb12-0012wb-65-01903 1 2 0
49 0 clueweb12-0101wb-14-23376 1 2 0
49 0 clueweb12-0102wb-22-18889 1 2 0
49 0 clueweb12-0110wb-40-06316 1 1 1
49 0 clueweb12-0110wb-57-27285 1 2 0
49 0 clueweb12-0112wb-46-10957 2 2 1
49 0 clueweb12-0301wb-09-25927 0 1 0
49 0 clueweb12-0301wb-66-24410 2 1 1
49 0 clueweb12-0303wb-48-07564 1 1 0
49 0 clueweb12-0303wb-59-31757 1 2 1
49 0 clueweb12-0305wb-07-07696 1 2 1
49 0 clueweb12-0307wb-31-12637 1 1 1
49 0 clueweb12-0308wb-01-18191 2 3 1
49 0 clueweb12-0308wb-71-13220 2 1 1
49 0 clueweb12-0310wb-01-18347 1 2 1
49 0 clueweb12-0800wb-25-03720 1 1 1
49 0 clueweb12-1005wb-26-01577 0 1 0
49 0 clueweb12-1012wb-48-09369 1 2 1
49 0 clueweb12-1205wb-61-18083 1 1 1
49 0 clueweb12-1303wb-67-22537 0 1 0
49 0 clueweb12-1307wb-32-02138 0 1 0
49 0 clueweb12-1311wb-34-29216 1 1 0
49 0 clueweb12-1502wb-21-24576 0 1 0
49 0 clueweb12-1514wb-39-03931 1 1 0
49 0 clueweb12-1600wb-50-22198 1 1 0
49 0 clueweb12-1608wb-17-02797 1 2 1
49 0 clueweb12-1612wb-37-28664 1 2 0
49 0 clueweb12-1613wb-68-27051 2 1 1
49 0 clueweb12-1703wb-38-05463 2 1 1
49 0 clueweb12-1707wb-37-23255 1 2 0
49 0 clueweb12-1712wb-99-09847 1 3 1
49 0 clueweb12-1814wb-09-01685 2 1 1
49 0 clueweb12-1814wb-82-17170 1 2 1
49 0 clueweb12-1905wb-87-08250 1 0 1
50 0 clueweb12-0002wb-94-25379 1 0 0
50 0 clueweb12-0011wb-53-04481 2 3 1
50 0 clueweb12-0011wb-58-35683 1 2 1
50 0 clueweb12-0013wb-62-21008 2 3 1
50 0 clueweb12-0101wb-17-00616 1 2 0
50 0 clueweb12-0101wb-27-11906 1 2 1
50 0 clueweb12-0101wb-37-27630 1 3 1
50 0 clueweb12-0101wb-46-06876 1 0 0
50 0 clueweb12-0101wb-69-10476 1 2 1
50 0 clueweb12-0101wb-74-06021 1 2 1
50 0 clueweb12-0101wb-86-14445 1 2 1
50 0 clueweb12-0101wb-95-15443 1 2 1
50 0 clueweb12-0102wb-15-06422 2 1 1
50 0 clueweb12-0102wb-42-18290 1 2 1
50 0 clueweb12-0102wb-42-18304 1 2 1
50 0 clueweb12-0102wb-62-02269 1 2 0
50 0 clueweb12-0102wb-75-14462 1 2 1
50 0 clueweb12-0102wb-75-14476 2 1 1
50 0 clueweb12-0102wb-84-19068 1 2 0
50 0 clueweb12-0102wb-95-12100 1 2 1
50 0 clueweb12-0102wb-95-27817 1 2 0
50 0 clueweb12-0103wb-45-28033 1 2 1
50 0 clueweb12-0103wb-47-11830 1 1 0
50 0 clueweb12-0103wb-61-12000 2 1 1
50 0 clueweb12-0103wb-70-07799 2 1 0
50 0 clueweb12-0103wb-82-02841 1 2 0
50 0 clueweb12-0104wb-27-25196 1 1 0
50 0 clueweb12-0104wb-39-26565 1 2 0
50 0 clueweb12-0105wb-07-26966 1 1 0
50 0 clueweb12-0109wb-68-23589 2 3 1
50 0 clueweb12-0200tw-83-10639 1 1 1
50 0 clueweb12-0202wb-40-27276 1 2 1
50 0 clueweb12-0203wb-30-01261 1 2 1
50 0 clueweb12-0204wb-30-13244 1 2 0
50 0 clueweb12-0204wb-51-09043 1 1 0
50 0 clueweb12-0204wb-57-12049 1 2 1
50 0 clueweb12-0204wb-75-32407 1 2 0
50 0 clueweb12-0207wb-25-20142 1 1 0
50 0 clueweb12-0207wb-33-00307 1 1 0
50 0 clueweb12-0208wb-22-19626 0 1 0
50 0 clueweb12-0208wb-60-20501 1 2 1
50 0 clueweb12-0208wb-78-26844 1 2 1
50 0 clueweb12-0209wb-97-16985 1 2 1
50 0 clueweb12-0211wb-32-03676 1 2 0
50 0 clueweb12-0212wb-01-33291 1 1 0
50 0 clueweb12-0301wb-27-24652 1 2 1
50 0 clueweb12-0301wb-44-07580 0 1 0
50 0 clueweb12-0301wb-90-03233 2 3 1
50 0 clueweb12-0304wb-46-14349 1 2 0
50 0 clueweb12-0304wb-76-32915 1 2 1
50 0 clueweb12-0304wb-78-30993 1 2 0
50 0 clueweb12-0305wb-30-14226 1 1 0
50 0 clueweb12-0306wb-52-08806 1 2 1
50 0 clueweb12-0306wb-58-02082 1 2 1
50 0 clueweb12-0307wb-20-09062 1 3 1
50 0 clueweb12-0310wb-88-05156 1 2 1
50 0 clueweb12-0404wb-72-20312 0 1 0
50 0 clueweb12-0406wb-12-27765 1 2 1
50 0 clueweb12-0502wb-57-15439 0 1 0
50 0 clueweb12-0504wb-67-06036 1 2 1
50 0 clueweb12-0606wb-92-05378 1 1 0
50 0 clueweb12-0607wb-73-17042 1 2 0
50 0 clueweb12-0608wb-36-09767 1 1 1
50 0 clueweb12-0608wb-65-27885 1 1 0
50 0 clueweb12-0608wb-67-23341 1 1 0
50 0 clueweb12-0608wb-86-23151 1 3 1
50 0 clueweb12-0612wb-36-17660 1 0 1
50 0 clueweb12-0612wb-61-00510 1 0 1
50 0 clueweb12-0700wb-62-14643 1 2 0
50 0 clueweb12-0701wb-01-03973 2 1 1
50 0 clueweb12-0701wb-41-07128 1 1 0
50 0 clueweb12-0701wb-98-00869 1 1 1
50 0 clueweb12-0702wb-18-09154 2 2 1
50 0 clueweb12-0702wb-30-13809 2 1 1
50 0 clueweb12-0702wb-31-30129 1 2 0
50 0 clueweb12-0702wb-58-15392 1 1 0
50 0 clueweb12-0704wb-29-19834 1 2 1
50 0 clueweb12-0705wb-59-20296 1 1 0
50 0 clueweb12-0706wb-22-10420 1 2 0
50 0 clueweb12-0707wb-43-31468 2 1 1
50 0 clueweb12-0712wb-92-26705 1 2 1
50 0 clueweb12-0712wb-99-24837 1 1 0
50 0 clueweb12-0713wb-57-10629 0 1 0
50 0 clueweb12-0714wb-02-08456 1 1 0
50 0 clueweb12-0715wb-26-02483 1 0 0
50 0 clueweb12-0715wb-45-16602 1 0 0
50 0 clueweb12-0715wb-79-12754 0 1 0
50 0 clueweb12-0716wb-52-21228 1 1 1
50 0 clueweb12-0806wb-63-17817 1 2 0
50 0 clueweb12-0807wb-62-23084 1 0 0
50 0 clueweb12-0807wb-63-12243 1 2 1
50 0 clueweb12-0807wb-89-10247 1 2 1
50 0 clueweb12-0807wb-92-28485 1 2 1
50 0 clueweb12-0809wb-96-08650 1 0 0
50 0 clueweb12-0811wb-86-18985 1 2 0
50 0 clueweb12-0811wb-95-14257 1 0 0
50 0 clueweb12-0900wb-78-11585 1 1 0
50 0 clueweb12-0900wb-95-12380 2 3 1
50 0 clueweb12-0908wb-99-03905 2 1 1
50 0 clueweb12-1017wb-34-31019 1 1 0
50 0 clueweb12-1017wb-84-00536 1 2 1
50 0 clueweb12-1106wb-76-24393 1 2 1
50 0 clueweb12-1114wb-33-05266 1 0 0
50 0 clueweb12-1114wb-87-01039 1 2 0
50 0 clueweb12-1116wb-70-07587 0 0 0
50 0 clueweb12-1200tw-14-06209 1 2 1
50 0 clueweb12-1200wb-45-00191 1 2 1
50 0 clueweb12-1208wb-02-05063 1 1 0
50 0 clueweb12-1300tw-46-01310 0 1 0
50 0 clueweb12-1302wb-54-28069 0 1 0
50 0 clueweb12-1306wb-87-19225 1 1 0
50 0 clueweb12-1310wb-13-17856 2 1 0
50 0 clueweb12-1404wb-84-27010 1 1 0
50 0 clueweb12-1410wb-80-00927 2 1 1
50 0 clueweb12-1411wb-13-03606 1 0 0
50 0 clueweb12-1411wb-15-13141 1 1 0
50 0 clueweb12-1411wb-39-05541 1 0 0
50 0 clueweb12-1411wb-45-09505 1 2 1
50 0 clueweb12-1505wb-28-10526 1 1 0
50 0 clueweb12-1505wb-53-07391 1 2 1
50 0 clueweb12-1506wb-20-25894 1 1 0
50 0 clueweb12-1513wb-31-13413 1 2 0
50 0 clueweb12-1513wb-66-16145 1 2 0
50 0 clueweb12-1604wb-25-32043 1 0 0
50 0 clueweb12-1607wb-83-13885 2 3 1
50 0 clueweb12-1608wb-67-03927 1 2 0
50 0 clueweb12-1612wb-61-24437 1 2 0
50 0 clueweb12-1700wb-10-06668 1 2 1
50 0 clueweb12-1705wb-54-26493 1 0 0
50 0 clueweb12-1715wb-37-06486 2 1 1
50 0 clueweb12-1716wb-31-21024 2 1 0
50 0 clueweb12-1804wb-22-06710 1 1 1
50 0 clueweb12-1805wb-50-26911 1 1 0
50 0 clueweb12-1805wb-50-26925 1 2 0
50 0 clueweb12-1805wb-66-15578 1 0 0
50 0 clueweb12-1805wb-73-29504 1 1 1
50 0 clueweb12-1805wb-81-00286 1 1 0
50 0 clueweb12-1805wb-87-11755 1 1 0
50 0 clueweb12-1805wb-94-26695 1 1 0
50 0 clueweb12-1810wb-71-25076 1 1 0
50 0 clueweb12-1812wb-89-02147 2 1 0
50 0 clueweb12-1901wb-97-30840 2 1 0
50 0 clueweb12-1902wb-59-09397 0 1 0
50 0 clueweb12-1902wb-67-03803 1 2 1
50 0 clueweb12-1902wb-84-01054 1 2 0
50 0 clueweb12-1903wb-13-23584 1 2 1
50 0 clueweb12-1905wb-54-24494 1 1 1
50 0 clueweb12-1905wb-73-09957 1 1 1
50 0 clueweb12-1906wb-09-27455 1 2 1
51 0 clueweb12-0007wb-60-11786 0 1 0
51 0 clueweb12-0009wb-98-02465 1 2 1
51 0 clueweb12-0010wb-76-20786 1 0 0
51 0 clueweb12-0011wb-99-25858 1 2 0
51 0 clueweb12-0012wb-12-05783 1 0 0
51 0 clueweb12-0302wb-34-26500 1 2 0
51 0 clueweb12-0400wb-37-29652 1 1 0
51 0 clueweb12-0401wb-44-25949 1 1 0
51 0 clueweb12-0410wb-37-05398 1 0 0
51 0 clueweb12-1101tw-05-08415 1 1 0
51 0 clueweb12-1117wb-73-13390 1 1 0
51 0 clueweb12-1217wb-93-04333 1 1 0
51 0 clueweb12-1501wb-18-15818 1 1 0
51 0 clueweb12-1601wb-49-25502 0 1 0
51 0 clueweb12-1714wb-20-24658 1 0 0
