1 0 clueweb12-0000wb-03-01030 2 3 1
1 0 clueweb12-0000wb-47-24784 2 3 1
1 0 clueweb12-0002wb-08-02435 2 3 1
1 0 clueweb12-0002wb-42-30714 2 3 1
1 0 clueweb12-0004wb-25-32570 2 3 1
1 0 clueweb12-0009wb-20-04624 2 3 1
1 0 clueweb12-0010wb-23-31500 2 3 1
1 0 clueweb12-0010wb-82-33478 2 3 1
1 0 clueweb12-0011wb-24-12616 1 0 1
1 0 clueweb12-0013wb-11-19384 2 3 1
1 0 clueweb12-0100wb-50-28260 1 2 1
1 0 clueweb12-0101wb-47-19806 2 3 1
1 0 clueweb12-0104wb-93-33234 2 3 1
1 0 clueweb12-0105wb-62-21353 2 3 1
1 0 clueweb12-0105wb-83-02735 1 1 1
1 0 clueweb12-0106wb-24-21106 2 3 1
1 0 clueweb12-0108wb-58-17116 2 3 1
1 0 clueweb12-0109wb-48-31622 2 3 1
1 0 clueweb12-0109wb-83-09551 2 3 1
1 0 clueweb12-0111wb-68-28679 2 3 1
1 0 clueweb12-0200wb-84-24389 2 3 1
1 0 clueweb12-0201wb-88-20098 2 3 1
1 0 clueweb12-0201wb-90-00814 2 3 1
1 0 clueweb12-0201wb-90-00828 2 3 1
1 0 clueweb12-0202wb-38-29797 2 3 1
1 0 clueweb12-0206wb-83-30064 2 3 1
1 0 clueweb12-0208wb-06-33542 2 3 1
1 0 clueweb12-0211wb-24-29240 2 3 1
1 0 clueweb12-0211wb-77-00477 2 3 1
1 0 clueweb12-0212wb-08-24584 2 3 1
1 0 clueweb12-0212wb-21-30138 1 2 1
1 0 clueweb12-0301wb-96-02256 1 3 1
1 0 clueweb12-0302wb-78-02849 2 3 1
1 0 clueweb12-0303wb-91-27226 2 3 1
1 0 clueweb12-0305wb-27-07318 2 3 1
1 0 clueweb12-0305wb-34-10667 2 3 1
1 0 clueweb12-0306wb-12-20044 1 1 1
1 0 clueweb12-0308wb-91-31348 2 3 1
1 0 clueweb12-0405wb-55-00159 0 0 1
1 0 clueweb12-0408wb-67-25113 2 3 1
1 0 clueweb12-0412wb-12-10886 2 3 1
1 0 clueweb12-0601wb-75-26531 2 3 1
1 0 clueweb12-0603wb-20-06007 2 3 1
1 0 clueweb12-0607wb-61-17579 2 3 1
1 0 clueweb12-0607wb-92-24342 2 2 1
1 0 clueweb12-0612wb-00-08416 2 3 1
1 0 clueweb12-0700wb-20-22662 1 0 1
1 0 clueweb12-0705wb-12-21595 2 3 1
1 0 clueweb12-0707wb-84-07366 1 2 1
1 0 clueweb12-0709wb-89-07808 2 1 1
1 0 clueweb12-0712wb-97-16658 2 3 1
1 0 clueweb12-0716wb-56-30717 2 3 1
1 0 clueweb12-0807wb-52-06633 2 3 1
1 0 clueweb12-0814wb-90-22411 1 3 1
1 0 clueweb12-0907wb-18-23499 1 2 1
1 0 clueweb12-0908wb-85-24723 2 3 1
1 0 clueweb12-0911wb-77-24511 2 3 1
1 0 clueweb12-0918wb-64-07171 2 1 1
1 0 clueweb12-1005wb-96-06520 2 3 1
1 0 clueweb12-1006wb-99-11779 1 1 1
1 0 clueweb12-1008wb-06-18208 2 3 1
1 0 clueweb12-1016wb-97-10696 2 3 1
1 0 clueweb12-1100tw-87-15169 2 3 1
1 0 clueweb12-1202wb-27-06628 2 3 1
1 0 clueweb12-1208wb-66-12762 2 3 1
1 0 clueweb12-1309wb-66-04887 0 0 0
1 0 clueweb12-1402wb-24-06509 2 3 1
1 0 clueweb12-1505wb-80-00851 0 0 0
1 0 clueweb12-1509wb-51-24801 2 3 1
1 0 clueweb12-1601wb-75-12208 1 2 1
1 0 clueweb12-1603wb-03-15074 1 2 1
1 0 clueweb12-1603wb-69-12091 2 3 1
1 0 clueweb12-1606wb-30-28503 2 3 1
1 0 clueweb12-1607wb-06-24943 2 3 1
1 0 clueweb12-1607wb-46-07933 2 3 1
1 0 clueweb12-1701wb-61-11822 2 3 1
1 0 clueweb12-1702wb-42-00868 2 3 1
1 0 clueweb12-1703wb-08-32758 2 3 1
1 0 clueweb12-1703wb-87-17766 1 0 1
1 0 clueweb12-1704wb-03-30624 2 3 1
1 0 clueweb12-1711wb-24-23490 2 3 1
1 0 clueweb12-1711wb-48-17799 2 3 1
1 0 clueweb12-1714wb-67-19434 2 3 1
1 0 clueweb12-1714wb-88-16141 2 3 1
1 0 clueweb12-1715wb-19-21299 2 3 1
1 0 clueweb12-1715wb-40-19324 1 2 1
1 0 clueweb12-1800wb-24-06124 2 3 1
1 0 clueweb12-1801wb-31-20406 2 3 1
1 0 clueweb12-1802wb-22-23581 2 3 1
1 0 clueweb12-1804wb-51-25181 2 3 1
1 0 clueweb12-1808wb-13-08108 1 2 1
1 0 clueweb12-1808wb-82-05394 2 3 1
1 0 clueweb12-1810wb-67-08826 2 3 1
1 0 clueweb12-1901wb-65-05104 2 3 1
1 0 clueweb12-1902wb-15-16608 2 3 1
1 0 clueweb12-1905wb-53-23565 2 3 1
1 0 clueweb12-1905wb-53-23579 2 3 1
1 0 clueweb12-1909wb-18-26220 2 3 1
1 0 clueweb12-1909wb-65-23315 2 2 1
1 0 clueweb12-1912wb-62-07565 2 3 1
2 0 clueweb12-0000wb-41-27757 1 0 1
2 0 clueweb12-0000wb-80-27428 2 3 1
2 0 clueweb12-0001wb-76-14895 1 0 1
2 0 clueweb12-0001wb-88-27032 1 3 1
2 0 clueweb12-0002wb-80-05796 1 1 1
2 0 clueweb12-0003wb-08-21526 2 2 1
2 0 clueweb12-0003wb-15-22983 1 0 1
2 0 clueweb12-0003wb-28-33717 1 3 1
2 0 clueweb12-0003wb-82-16747 1 0 1
2 0 clueweb12-0004wb-48-38049 2 3 1
2 0 clueweb12-0005wb-23-10338 2 3 1
2 0 clueweb12-0005wb-65-17797 2 3 1
2 0 clueweb12-0008wb-56-25609 2 3 1
2 0 clueweb12-0008wb-97-26794 2 3 1
2 0 clueweb12-0009wb-04-08121 2 3 1
2 0 clueweb12-0010wb-11-04302 2 3 1
2 0 clueweb12-0010wb-38-11220 2 3 1
2 0 clueweb12-0010wb-43-31719 1 1 1
2 0 clueweb12-0010wb-45-09047 1 3 1
2 0 clueweb12-0011wb-12-14870 2 3 1
2 0 clueweb12-0011wb-18-29788 1 3 1
2 0 clueweb12-0011wb-44-24403 1 3 1
2 0 clueweb12-0011wb-59-30292 1 2 1
2 0 clueweb12-0011wb-59-30306 2 3 1
2 0 clueweb12-0011wb-71-24115 1 2 1
2 0 clueweb12-0011wb-72-07144 1 2 1
2 0 clueweb12-0011wb-85-07573 1 0 1
2 0 clueweb12-0011wb-85-21045 1 0 1
2 0 clueweb12-0011wb-85-21059 1 2 1
2 0 clueweb12-0011wb-91-33591 1 2 1
2 0 clueweb12-0012wb-01-05781 2 3 1
2 0 clueweb12-0012wb-01-23427 1 2 1
2 0 clueweb12-0012wb-53-13257 1 3 1
2 0 clueweb12-0012wb-78-23691 2 3 1
2 0 clueweb12-0012wb-94-07641 2 3 1
2 0 clueweb12-0013wb-15-26750 1 2 1
2 0 clueweb12-0013wb-59-04017 2 2 1
2 0 clueweb12-0013wb-69-26222 2 3 1
2 0 clueweb12-0013wb-75-14105 2 3 1
2 0 clueweb12-0100wb-33-06467 2 3 1
2 0 clueweb12-0101wb-64-11066 1 3 1
2 0 clueweb12-0102wb-21-03023 2 3 1
2 0 clueweb12-0102wb-39-11345 0 0 1
2 0 clueweb12-0102wb-82-25360 2 3 1
2 0 clueweb12-0103wb-28-17054 1 2 1
2 0 clueweb12-0103wb-90-09120 1 3 1
2 0 clueweb12-0105wb-72-16858 2 3 1
2 0 clueweb12-0106wb-55-31454 1 3 1
2 0 clueweb12-0106wb-91-08769 2 3 1
2 0 clueweb12-0107wb-04-12891 2 3 1
2 0 clueweb12-0107wb-21-05784 1 1 1
2 0 clueweb12-0107wb-30-30190 1 2 1
2 0 clueweb12-0107wb-36-08866 1 2 1
2 0 clueweb12-0107wb-42-29248 1 3 1
2 0 clueweb12-0107wb-50-30511 1 2 1
2 0 clueweb12-0107wb-59-03212 1 1 1
2 0 clueweb12-0107wb-59-03226 1 3 1
2 0 clueweb12-0107wb-67-10130 1 1 1
2 0 clueweb12-0107wb-67-10144 1 3 1
2 0 clueweb12-0107wb-87-05923 1 2 1
2 0 clueweb12-0107wb-91-22667 1 2 1
2 0 clueweb12-0108wb-05-18327 1 2 1
2 0 clueweb12-0108wb-12-09425 1 2 1
2 0 clueweb12-0108wb-12-09439 1 1 1
2 0 clueweb12-0108wb-27-12534 1 2 1
2 0 clueweb12-0108wb-27-12548 1 0 1
2 0 clueweb12-0108wb-35-20843 1 1 1
2 0 clueweb12-0108wb-46-08557 2 3 1
2 0 clueweb12-0108wb-63-33547 1 2 1
2 0 clueweb12-0108wb-67-26152 1 2 1
2 0 clueweb12-0110wb-17-33308 1 2 1
2 0 clueweb12-0112wb-16-09894 2 3 1
2 0 clueweb12-0112wb-41-12219 2 2 1
2 0 clueweb12-0203wb-79-11054 2 3 1
2 0 clueweb12-0204wb-12-28951 2 3 1
2 0 clueweb12-0205wb-18-23469 0 0 0
2 0 clueweb12-0205wb-44-09094 0 0 0
2 0 clueweb12-0205wb-51-33468 0 0 0
2 0 clueweb12-0205wb-99-31815 2 3 1
2 0 clueweb12-0206wb-14-30856 0 0 0
2 0 clueweb12-0206wb-44-16481 0 0 0
2 0 clueweb12-0206wb-44-16495 0 0 0
2 0 clueweb12-0206wb-85-30332 0 0 0
2 0 clueweb12-0206wb-89-31378 2 2 1
2 0 clueweb12-0206wb-92-04843 0 0 0
2 0 clueweb12-0206wb-92-04857 0 0 0
2 0 clueweb12-0206wb-99-34503 0 0 0
2 0 clueweb12-0207wb-07-22087 0 0 0
2 0 clueweb12-0207wb-41-07233 2 3 1
2 0 clueweb12-0208wb-98-20792 2 3 1
2 0 clueweb12-0210wb-60-01091 2 3 1
2 0 clueweb12-0210wb-74-18587 2 3 1
2 0 clueweb12-0211wb-82-01707 2 3 1
2 0 clueweb12-0212wb-30-06225 1 0 1
2 0 clueweb12-0300tw-37-09088 2 3 1
2 0 clueweb12-0300tw-59-17695 0 0 1
2 0 clueweb12-0300tw-91-00195 1 2 1
2 0 clueweb12-0300wb-72-03614 0 0 0
2 0 clueweb12-0300wb-97-10621 1 0 1
2 0 clueweb12-0301tw-03-16412 0 0 0
2 0 clueweb12-0301wb-03-15278 1 0 1
2 0 clueweb12-0301wb-05-11009 0 0 0
2 0 clueweb12-0301wb-08-26252 1 1 1
2 0 clueweb12-0301wb-25-26000 1 2 1
2 0 clueweb12-0301wb-89-03811 1 0 1
2 0 clueweb12-0302wb-13-20763 1 0 1
2 0 clueweb12-0305wb-14-17601 2 3 1
2 0 clueweb12-0305wb-94-19321 2 3 1
2 0 clueweb12-0310wb-85-23367 1 3 1
2 0 clueweb12-0400tw-13-02133 1 3 1
2 0 clueweb12-0401wb-45-28007 1 3 1
2 0 clueweb12-0405wb-67-12773 1 0 1
2 0 clueweb12-0405wb-93-03437 2 3 1
2 0 clueweb12-0405wb-97-20270 0 0 1
2 0 clueweb12-0406wb-39-30677 1 2 1
2 0 clueweb12-0410wb-29-32455 2 3 1
2 0 clueweb12-0410wb-54-22679 1 2 1
2 0 clueweb12-0411wb-56-05033 0 0 0
2 0 clueweb12-0500wb-16-24287 2 3 1
2 0 clueweb12-0500wb-28-12123 2 3 1
2 0 clueweb12-0509wb-36-20926 2 3 1
2 0 clueweb12-0512wb-22-09387 1 2 1
2 0 clueweb12-0601wb-55-26482 0 0 0
2 0 clueweb12-0606wb-55-24919 2 3 1
2 0 clueweb12-0607wb-00-33928 1 3 1
2 0 clueweb12-0607wb-86-08875 1 0 1
2 0 clueweb12-0607wb-97-33897 1 0 1
2 0 clueweb12-0608wb-96-06629 2 3 1
2 0 clueweb12-0609wb-78-04381 0 0 0
2 0 clueweb12-0609wb-98-15824 1 0 1
2 0 clueweb12-0610wb-33-00159 0 0 1
2 0 clueweb12-0610wb-42-02734 0 0 0
2 0 clueweb12-0610wb-56-22692 1 0 1
2 0 clueweb12-0610wb-65-06684 0 0 0
2 0 clueweb12-0610wb-84-00281 0 0 1
2 0 clueweb12-0610wb-97-12569 1 3 1
2 0 clueweb12-0611wb-19-19961 2 3 1
2 0 clueweb12-0611wb-48-19671 2 3 1
2 0 clueweb12-0612wb-15-16612 1 0 1
2 0 clueweb12-0701wb-00-05914 2 3 1
2 0 clueweb12-0705wb-39-11655 0 0 0
2 0 clueweb12-0805wb-72-04386 0 0 0
2 0 clueweb12-0812wb-87-24490 2 3 1
2 0 clueweb12-0813wb-05-08883 2 3 1
2 0 clueweb12-0813wb-55-20832 1 0 1
2 0 clueweb12-0813wb-58-26289 1 2 1
2 0 clueweb12-0813wb-64-16336 2 2 1
2 0 clueweb12-0815wb-44-18625 1 0 1
2 0 clueweb12-0815wb-48-22540 2 3 1
2 0 clueweb12-0817wb-75-28679 0 0 0
2 0 clueweb12-0900tw-51-23993 2 3 1
2 0 clueweb12-0903wb-40-19028 2 3 1
2 0 clueweb12-0909wb-63-25248 2 3 1
2 0 clueweb12-0914wb-04-11142 1 0 1
2 0 clueweb12-0914wb-14-06937 0 0 0
2 0 clueweb12-0914wb-43-25386 1 0 1
2 0 clueweb12-0914wb-46-30887 1 0 1
2 0 clueweb12-0914wb-71-20023 1 0 1
2 0 clueweb12-0915wb-06-28807 0 0 0
2 0 clueweb12-0915wb-06-28821 1 2 1
2 0 clueweb12-0915wb-39-03874 2 3 1
2 0 clueweb12-0919wb-56-03751 2 3 1
2 0 clueweb12-1003wb-71-14624 2 3 1
2 0 clueweb12-1019wb-62-06119 2 3 1
2 0 clueweb12-1101wb-17-24659 1 1 1
2 0 clueweb12-1102wb-23-28148 1 0 1
2 0 clueweb12-1102wb-26-08294 1 3 1
2 0 clueweb12-1102wb-45-29607 0 0 0
2 0 clueweb12-1106wb-97-24306 1 3 1
2 0 clueweb12-1108wb-66-12217 2 3 1
2 0 clueweb12-1110wb-50-17084 0 0 0
2 0 clueweb12-1110wb-99-05891 2 3 1
2 0 clueweb12-1113wb-61-21968 0 0 0
2 0 clueweb12-1114wb-13-13003 1 1 1
2 0 clueweb12-1115wb-66-15566 2 3 1
2 0 clueweb12-1116wb-17-01010 1 3 0
2 0 clueweb12-1201wb-31-20890 2 3 1
2 0 clueweb12-1204wb-69-07528 2 3 1
2 0 clueweb12-1300wb-04-06047 2 3 1
2 0 clueweb12-1303wb-44-06170 2 3 1
2 0 clueweb12-1313wb-03-10070 1 0 1
2 0 clueweb12-1313wb-42-16592 2 3 1
2 0 clueweb12-1314wb-46-30761 1 2 1
2 0 clueweb12-1316wb-39-03921 0 0 1
2 0 clueweb12-1316wb-49-09275 0 0 1
2 0 clueweb12-1316wb-49-10836 0 0 0
2 0 clueweb12-1400tw-29-01562 0 0 0
2 0 clueweb12-1410wb-27-04580 2 3 1
2 0 clueweb12-1414wb-69-26707 2 3 1
2 0 clueweb12-1500tw-43-12099 2 2 1
2 0 clueweb12-1506wb-03-26972 2 3 1
2 0 clueweb12-1509wb-93-11319 2 3 1
2 0 clueweb12-1511wb-29-18723 1 3 1
2 0 clueweb12-1513wb-78-07772 1 3 1
2 0 clueweb12-1601wb-30-07165 2 3 1
2 0 clueweb12-1601wb-43-09775 2 3 1
2 0 clueweb12-1602wb-08-02352 0 0 1
2 0 clueweb12-1604wb-24-06848 1 0 1
2 0 clueweb12-1611wb-64-06601 2 3 1
2 0 clueweb12-1613wb-96-00615 2 2 1
2 0 clueweb12-1615wb-89-14004 2 3 1
2 0 clueweb12-1615wb-94-00887 1 2 1
2 0 clueweb12-1715wb-97-18185 2 3 1
2 0 clueweb12-1800wb-84-07499 2 0 1
2 0 clueweb12-1800wb-93-02787 0 0 0
2 0 clueweb12-1806wb-47-10493 2 3 1
2 0 clueweb12-1807wb-28-12731 2 3 1
2 0 clueweb12-1811wb-13-10346 1 2 1
2 0 clueweb12-1813wb-62-14091 1 3 1
2 0 clueweb12-1813wb-97-01744 2 3 1
2 0 clueweb12-1815wb-09-19697 1 0 1
2 0 clueweb12-1900tw-51-11744 1 3 1
2 0 clueweb12-1901wb-58-27211 1 0 1
2 0 clueweb12-1901wb-62-05269 2 3 1
2 0 clueweb12-1901wb-76-08256 1 0 1
2 0 clueweb12-1904wb-36-00976 2 3 1
2 0 clueweb12-1909wb-87-19418 2 3 1
2 0 clueweb12-1910wb-87-22062 2 3 1
2 0 clueweb12-1912wb-76-06524 2 2 1
2 0 clueweb12-1913wb-28-13646 2 3 1
